//=======================================================
// GameServer Ver: 2b.1.0.0
// ------------------------------------------------------
// Description: BOT_BUFFER Settings eX803
// -  ---------------------------------------------------
// -  Revision: 	17:37 04.07.2016
// -
// - Add : PerfectionMu ( Callejero )
// - ====================================================
// - ColorName Max: 7
// - AL  = This bot is only for VIP users
// - Class    = 0,1,2	DW,SM,GM  = 16,17,18	DK,BK,BM  = 32,33,34	Elf,ME,HE
// -	      = 48,49,50 MG,DM    = 64,65,66	DL,LE     = 80,81,82	SU,BS,DS
// -
// - GensFamily (1 Vanert, 2 Duprian)
// - Attention: if or if put 10 letters in the names of the Bot
1
//==================================================================================================
//BotIndex	Class	Enabled	 ColorName  Zen      PCPoint   MaxLvl    Name          Map    X       Y     Dir
//==================================================================================================
0           227     1        1          100      0         400       "Charact0"    0      132     116     2
1           211     1        1          100      0         400       "Charact1"    0      132     118     2
2           227     1        1          100      0         400       "Charact2"    0      132     120     2
3           211     1        1          100      0         400       "Charact3"    0      132     122     2
4           227     1        1          100      0         400       "Charact4"    0      132     124     2
5           211     1        1          100      0         400       "Charact5"    0      132     126     2
6           227     1        1          100      0         400       "Charact6"    0      132     128     2
7           211     1        1          100      0         400       "Charact7"    0      132     130     2
8           227     1        1          100      0         400       "Charact8"    0      132     132     2
9           211     1        1          100      0         400       "Charact9"    0      132     134     2
10          227     1        1          100      0         400       "Charact10"   0      132     136     2
11          211     1        1          100      0         400       "Charact11"   0      132     138     2
12          227     1        1          100      0         400       "Charact12"   0      132     140     2
13          211     1        1          100      0         400       "Charact13"   0      132     142     2
14          227     1        1          100      0         400       "Charact14"   0      132     144     2
15          211     1        1          100      0         400       "Charact15"   0      134     116     2
16          227     1        1          100      0         400       "Charact16"   0      134     118     2
17          211     1        1          100      0         400       "Charact17"   0      134     120     2
18          227     1        1          100      0         400       "Charact18"   0      134     122     2
19          211     1        1          100      0         400       "Charact19"   0      134     124     2
20          227     1        1          100      0         400       "Charact20"   0      134     126     2
21          211     1        1          100      0         400       "Charact21"   0      134     128     2
22          227     1        1          100      0         400       "Charact22"   0      134     130     2
23          211     1        1          100      0         400       "Charact23"   0      134     132     2
24          227     1        1          100      0         400       "Charact24"   0      134     134     2
25          211     1        1          100      0         400       "Charact25"   0      134     136     2
26          227     1        1          100      0         400       "Charact26"   0      134     138     2
27          211     1        1          100      0         400       "Charact27"   0      134     140     2
28          227     1        1          100      0         400       "Charact28"   0      134     142     2
29          211     1        1          100      0         400       "Charact29"   0      134     144     2
30          227     1        1          100      0         400       "Charact30"   0      136     116     2
31          211     1        1          100      0         400       "Charact31"   0      136     118     2
32          227     1        1          100      0         400       "Charact32"   0      136     120     2
33          211     1        1          100      0         400       "Charact33"   0      136     122     2
34          227     1        1          100      0         400       "Charact34"   0      136     124     2
35          211     1        1          100      0         400       "Charact35"   0      136     126     2
36          227     1        1          100      0         400       "Charact36"   0      136     128     2
37          211     1        1          100      0         400       "Charact37"   0      136     130     2
38          227     1        1          100      0         400       "Charact38"   0      136     132     2
39          211     1        1          100      0         400       "Charact39"   0      136     134     2
40          227     1        1          100      0         400       "Charact40"   0      136     136     2
41          211     1        1          100      0         400       "Charact41"   0      136     138     2
42          227     1        1          100      0         400       "Charact42"   0      136     140     2
43          211     1        1          100      0         400       "Charact43"   0      136     142     2
44          227     1        1          100      0         400       "Charact44"   0      136     144     2
45          211     1        1          100      0         400       "Charact45"   0      143     116     2
46          227     1        1          100      0         400       "Charact46"   0      143     118     2
47          211     1        1          100      0         400       "Charact47"   0      143     120     2
48          227     1        1          100      0         400       "Charact48"   0      143     122     2
49          211     1        1          100      0         400       "Charact49"   0      143     124     2
50          227     1        1          100      0         400       "Charact50"   0      143     126     2
51          211     1        1          100      0         400       "Charact51"   0      143     128     2
52          227     1        1          100      0         400       "Charact52"   0      143     130     2
53          211     1        1          100      0         400       "Charact53"   0      143     132     2
54          227     1        1          100      0         400       "Charact54"   0      143     134     2
55          211     1        1          100      0         400       "Charact55"   0      143     136     2
56          227     1        1          100      0         400       "Charact56"   0      143     138     2
57          211     1        1          100      0         400       "Charact57"   0      143     140     2
58          227     1        1          100      0         400       "Charact58"   0      143     142     2
59          211     1        1          100      0         400       "Charact59"   0      143     144     2
60          227     1        1          100      0         400       "Charact60"   0      146     126     2
61          211     1        1          100      0         400       "Charact61"   0      146     127     2
62          227     1        1          100      0         400       "Charact62"   0      146     128     2
63          211     1        1          100      0         400       "Charact63"   0      146     129     2
64          227     1        1          100      0         400       "Charact64"   0      148     126     2
65          211     1        1          100      0         400       "Charact65"   0      148     127     2
end

// -   Bot	Only	Active!		GensReq		Gens
// -   Index	_AL	ReqGens		Contribution	Family
2
	0	0	   0	  100		0
	1	0	   0	  100		0
end

// - 0 = Sword	1 = Shield	2 = Helm	3 = Armor	
// - 4 = Pants	5 = Gloves	6 = Boots	7 = Wings	8 = Pet

3
//Index   Slot  Type  Index  Level  Opt
0         7     12    36     0      0
1         7     12    36     0      0
2         7     12    36     0      0
3         7     12    36     0      0
4         7     12    36     0      0
5         7     12    36     0      0
6         7     12    36     0      0
7         7     12    36     0      0
8         7     12    36     0      0
9         7     12    36     0      0
10        7     12    36     0      0
11        7     12    36     0      0
12        7     12    36     0      0
13        7     12    36     0      0
14        7     12    36     0      0
15        7     12    36     0      0
16        7     12    36     0      0
17        7     12    36     0      0
18        7     12    36     0      0
19        7     12    36     0      0
20        7     12    36     0      0
21        7     12    36     0      0
22        7     12    36     0      0
23        7     12    36     0      0
24        7     12    36     0      0
25        7     12    36     0      0
26        7     12    36     0      0
27        7     12    36     0      0
28        7     12    36     0      0
29        7     12    36     0      0
30        7     12    36     0      0
31        7     12    36     0      0
32        7     12    36     0      0
33        7     12    36     0      0
34        7     12    36     0      0
35        7     12    36     0      0
36        7     12    36     0      0
37        7     12    36     0      0
38        7     12    36     0      0
39        7     12    36     0      0
40        7     12    36     0      0
41        7     12    36     0      0
42        7     12    36     0      0
43        7     12    36     0      0
44        7     12    36     0      0
45        7     12    36     0      0
46        7     12    36     0      0
47        7     12    36     0      0
48        7     12    36     0      0
49        7     12    36     0      0
50        7     12    36     0      0
51        7     12    36     0      0
52        7     12    36     0      0
53        7     12    36     0      0
54        7     12    36     0      0
55        7     12    36     0      0
56        7     12    36     0      0
57        7     12    36     0      0
58        7     12    36     0      0
59        7     12    36     0      0
60        7     12    36     0      0
61        7     12    36     0      0
62        7     12    36     0      0
63        7     12    36     0      0
64        7     12    36     0      0
65        7     12    36     0      0
end

// - 28	(Greater Damage), 27 (Greater Defense),  16 (Greater Mana Shield),  64 (Critical Damage)
// - 48	(Greater Life), 217 (Reflect), 82 (Magic Circle), 129 (Greater Ignore Defense Rate), 130 (Fitness)
// -
// - MAX SKILLS PER BOT = 5

4
//  BotIndex  Skill   MinusTime   %Power Skill(Aumento %)
	0         28      5           30                       //Buffer ELF
	1         16      5           30                       //Buffer SM
end
