//==================================================================================
// Item | Effect | Join | Level | ColorR | ColorG | ColorB | Scale | Angle | Type
//==================================================================================
//-- (absolute02_sword.bmd)
0    51   32114    1      0       0.19     0.18     0.78     2.0     0.0     0
0    51   32379    1      0       1.00     1.00     1.00     0.8     0.0     0
0    51   32379    1      0       1.00     1.00     1.00     0.8     0.0     0
0    51   32380    1      0       1.00     1.00     1.00     1.0     0.0     0
0    51   32380    45     0       1.00     0.27     1.00     0.2     0.0     0
0    51   32380    46     0       1.00     0.27     1.00     0.2     0.0     0
0    51   32380    28     0       1.00     0.27     1.00     0.2     0.0     0
0    51   32380    30     0       1.00     0.27     1.00     0.2     0.0     0
0    51   32380    4      0       0.11     0.50     0.49     0.2     0.0     0
0    51   32380    5      0       0.11     0.50     0.49     0.2     0.0     0
0    51   32380    6      0       0.11     0.50     0.49     0.2     0.0     0
0    51   32380    7      0       0.11     0.50     0.49     0.2     0.0     0
0    51   32380    8      0       0.11     0.50     0.49     0.2     0.0     0
0    51   32380    9      0       0.11     0.50     0.49     0.2     0.0     0
0    51   32380    10     0       0.11     0.50     0.49     0.2     0.0     0
0    51   32380    11     0       0.11     0.50     0.49     0.2     0.0     0
0    51   32380    12     0       0.11     0.50     0.49     0.2     0.0     0
0    51   32380    13     0       0.11     0.50     0.49     0.2     0.0     0
0    51   32380    14     0       0.11     0.50     0.49     0.2     0.0     0
0    51   32380    15     0       0.11     0.50     0.49     0.2     0.0     0
0    51   32380    16     0       0.11     0.50     0.49     0.2     0.0     0
0    51   32380    17     0       0.11     0.50     0.49     0.2     0.0     0
0    51   32380    18     0       0.11     0.50     0.49     0.2     0.0     0
0    51   32380    19     0       0.11     0.50     0.49     0.2     0.0     0
0    51   32380    20     0       0.11     0.50     0.49     0.2     0.0     0
0    51   32380    21     0       0.11     0.50     0.49     0.2     0.0     0
0    51   32380    22     0       0.11     0.50     0.49     0.2     0.0     0
0    51   32380    23     0       0.11     0.50     0.49     0.2     0.0     0
0    51   32380    25     0       0.11     0.50     0.49     0.2     0.0     0
0    51   32380    26     0       0.11     0.50     0.49     0.2     0.0     0
0    51   32380    27     0       0.11     0.50     0.49     0.2     0.0     0
0    51   32380    28     0       0.11     0.50     0.49     0.2     0.0     0
0    51   32380    29     0       0.11     0.50     0.49     0.2     0.0     0
0    51   32380    30     0       0.11     0.50     0.49     0.2     0.0     0
0    51   32380    31     0       0.11     0.50     0.49     0.2     0.0     0
0    51   32380    32     0       0.11     0.50     0.49     0.2     0.0     0
0    51   32380    33     0       0.11     0.50     0.49     0.2     0.0     0
0    51   32380    34     0       0.11     0.50     0.49     0.2     0.0     0
0    51   32380    35     0       0.11     0.50     0.49     0.2     0.0     0
0    51   32380    36     0       0.11     0.50     0.49     0.2     0.0     0
0    51   32380    37     0       0.11     0.50     0.49     0.2     0.0     0
0    51   32380    38     0       0.11     0.50     0.49     0.2     0.0     0
0    51   32380    39     0       0.11     0.50     0.49     0.2     0.0     0
0    51   32380    40     0       0.11     0.50     0.49     0.2     0.0     0
0    51   32380    41     0       0.11     0.50     0.49     0.2     0.0     0
0    51   32380    42     0       0.11     0.50     0.49     0.2     0.0     0
0    51   32380    43     0       0.11     0.50     0.49     0.2     0.0     0
0    51   32380    44     0       0.11     0.50     0.49     0.2     0.0     0
0    51   32380    45     0       0.11     0.50     0.49     0.2     0.0     0
0    51   32380    46     0       0.11     0.50     0.49     0.2     0.0     0
0    51   32380    47     0       0.11     0.50     0.49     0.2     0.0     0
0    51   32380    48     0       0.11     0.50     0.49     0.2     0.0     0
0    51   32380    53     0       0.25     0.23     0.15     0.3     0.0     0
0    51   32380    54     0       0.25     0.23     0.15     0.3     0.0     0
0    51   32380    55     0       0.25     0.23     0.15     0.3     0.0     0
0    51   32380    56     0       0.25     0.23     0.15     0.3     0.0     0
0    51   32380    57     0       0.25     0.23     0.15     0.3     0.0     0
0    51   32380    58     0       0.25     0.23     0.15     0.3     0.0     0
0    51   32380    59     0       0.25     0.23     0.15     0.3     0.0     0
0    51   32380    60     0       0.25     0.23     0.15     0.3     0.0     0
0    51   32380    61     0       0.25     0.23     0.15     0.3     0.0     0
0    51   32380    62     0       0.25     0.23     0.15     0.3     0.0     0
0    51   32380    63     0       0.25     0.23     0.15     0.3     0.0     0
0    51   32380    64     0       0.25     0.23     0.15     0.3     0.0     0
0    51   32380    65     0       0.25     0.23     0.15     0.3     0.0     0
0    51   32380    66     0       0.25     0.23     0.15     0.3     0.0     0
0    51   32380    67     0       0.25     0.23     0.15     0.3     0.0     0
0    51   32380    68     0       0.25     0.23     0.15     0.3     0.0     0
0    51   32380    69     0       0.25     0.23     0.15     0.3     0.0     0
0    51   32380    70     0       0.25     0.23     0.15     0.3     0.0     0
0    51   32380    71     0       0.25     0.23     0.15     0.3     0.0     0
0    51   32380    72     0       0.25     0.23     0.15     0.3     0.0     0
0    51   32380    73     0       0.25     0.23     0.15     0.3     0.0     0
0    51   32380    74     0       0.25     0.23     0.15     0.3     0.0     0
0    51   32380    75     0       0.25     0.23     0.15     0.3     0.0     0
0    51   32380    80     0       0.25     0.23     0.15     0.3     0.0     0
0    51   32380    81     0       0.25     0.23     0.15     0.3     0.0     0
0    51   32380    82     0       0.25     0.23     0.15     0.3     0.0     0
0    51   32380    83     0       0.25     0.23     0.15     0.3     0.0     0
0    51   32380    84     0       0.25     0.23     0.15     0.3     0.0     0
0    51   32380    85     0       0.25     0.23     0.15     0.3     0.0     0
0    51   32380    86     0       0.25     0.23     0.15     0.3     0.0     0
0    51   32380    87     0       0.25     0.23     0.15     0.3     0.0     0
0    51   32380    88     0       0.25     0.23     0.15     0.3     0.0     0
0    51   32380    89     0       0.25     0.23     0.15     0.3     0.0     0
0    51   32380    90     0       0.25     0.23     0.15     0.3     0.0     0
0    51   32380    91     0       0.25     0.23     0.15     0.3     0.0     0
0    51   32380    92     0       0.25     0.23     0.15     0.3     0.0     0
0    51   32380    93     0       0.25     0.23     0.15     0.3     0.0     0
0    51   32380    94     0       0.25     0.23     0.15     0.3     0.0     0
0    51   32380    95     0       0.25     0.23     0.15     0.3     0.0     0
0    51   32380    96     0       0.25     0.23     0.15     0.3     0.0     0
0    51   32380    97     0       0.25     0.23     0.15     0.3     0.0     0
0    51   32380    98     0       0.25     0.23     0.15     0.3     0.0     0
0    51   32380    99     0       0.25     0.23     0.15     0.3     0.0     0
0    51   32380    100    0       0.25     0.23     0.15     0.3     0.0     0
0    51   32380    101    0       0.25     0.23     0.15     0.3     0.0     0
0    51   32380    102    0       0.25     0.23     0.15     0.3     0.0     0
0    51   32380    103    0       0.25     0.23     0.15     0.3     0.0     0
0    51   32380    104    0       0.25     0.23     0.15     0.3     0.0     0
0    51   32380    105    0       0.25     0.23     0.15     0.3     0.0     0
0    51   32380    106    0       0.25     0.23     0.15     0.3     0.0     0
0    51   32380    107    0       0.25     0.23     0.15     0.3     0.0     0
0    51   32380    108    0       0.25     0.23     0.15     0.3     0.0     0
0    51   32380    109    0       0.25     0.23     0.15     0.3     0.0     0
0    51   32380    110    0       0.25     0.23     0.15     0.3     0.0     0
0    51   32380    111    0       0.25     0.23     0.15     0.3     0.0     0
0    51   32380    112    0       0.25     0.23     0.15     0.3     0.0     0
0    51   32380    113    0       0.25     0.23     0.15     0.3     0.0     0
0    51   32380    114    0       0.25     0.23     0.15     0.3     0.0     0
0    51   32380    115    0       0.25     0.23     0.15     0.3     0.0     0
0    51   32380    116    0       0.25     0.23     0.15     0.3     0.0     0
0    51   32380    117    0       0.25     0.23     0.15     0.3     0.0     0
0    51   32380    118    0       0.25     0.23     0.15     0.3     0.0     0
0    51   32380    119    0       0.25     0.23     0.15     0.3     0.0     0
0    51   32380    120    0       0.25     0.23     0.15     0.3     0.0     0
0    51   32380    121    0       0.25     0.23     0.15     0.3     0.0     0
0    51   32380    122    0       0.25     0.23     0.15     0.3     0.0     0
0    51   32380    123    0       0.25     0.23     0.15     0.3     0.0     0
0    51   32380    124    0       0.25     0.23     0.15     0.3     0.0     0
0    51   32380    125    0       0.25     0.23     0.15     0.3     0.0     0
0    51   32380    126    0       0.25     0.23     0.15     0.3     0.0     0
0    51   32380    127    0       0.25     0.23     0.15     0.3     0.0     0
0    51   32380    128    0       0.25     0.23     0.15     0.3     0.0     0
end