//==================================================================================
// Item | Effect | Join | Level | ColorR | ColorG | ColorB | Scale | Angle | Type
//==================================================================================
//--
12	483   32380    22     2	      1.00     0.10     0.10     0.75    150.0   0
12	483   32380    23     2	      1.00     0.10     0.10     0.50    150.0   0
12	483   32380    24     2	      1.00     0.10     0.10     1.50    150.0   0
12	483   32380    25     2	      1.00     0.10     0.10     1.50    150.0   0
12	483   32380    27     2	      1.00     0.10     0.10     0.75    150.0   0
12	483   32380    28     2	      1.00     0.10     0.10     1.50    150.0   0
12	483   32380    29     2	      1.00     0.10     0.10     1.50    150.0   0
12	483   32380    30     2	      1.00     0.10     0.10     1.50    150.0   0
12	483   32380    32     2	      1.00     0.10     0.10     0.75    150.0   0
12	483   32380    33     2	      1.00     0.10     0.10     0.50    150.0   0
12	483   32380    34     2	      1.00     0.10     0.10     1.50    150.0   0
12	483   32380    35     2	      1.00     0.10     0.10     1.50    150.0   0
12	483   32380    46     2	      1.00     0.10     0.10     0.75    150.0   0
12	483   32380    47     2	      1.00     0.10     0.10     0.50    150.0   0
12	483   32380    48     2	      1.00     0.10     0.10     1.50    150.0   0
12	483   32380    49     2	      1.00     0.10     0.10     1.50    150.0   0
12	483   32380    53     2	      1.00     0.10     0.10     1.50    150.0   0
12	483   32380    54     2	      1.00     0.10     0.10     0.75    150.0   0
12	483   32380    55     2	      1.00     0.10     0.10     0.50    150.0   0
12	483   32380    56     2	      1.00     0.10     0.10     1.50    150.0   0
12	483   32380    57     2	      1.00     0.10     0.10     1.50    150.0   0
12	483   32380    59     2	      1.00     0.10     0.10     0.75    150.0   0
12	483   32380    60     2	      1.00     0.10     0.10     0.50    150.0   0
12	483   32380    61     2	      1.00     0.10     0.10     1.50    150.0   0
12	483   32380    62     2	      1.00     0.10     0.10     1.50    150.0   0
12	483   32380    37     2	      0.70     0.30     0.10     0.25    150.0   0
12	483   32380    38     2	      0.70     0.30     0.10     0.50    150.0   0
12	483   32380    39     2	      0.70     0.30     0.10     0.25    150.0   0
12	483   32380    51     2	      0.70     0.30     0.10     0.25    150.0   0
12	483   32380    52     2	      0.70     0.30     0.10     0.25    150.0   0
12	483   32380    53     2	      0.70     0.30     0.10     0.50    150.0   0
12	483   32380    25     2	      0.70     0.30     0.10     0.25    150.0   0
12	483   32380    30     2	      0.70     0.30     0.10     0.25    150.0   0
12	483   32380    35     2	      0.70     0.30     0.10     0.25    150.0   0
12	483   32380    49     2	      0.70     0.30     0.10     0.25    150.0   0
12	483   32380    57     2	      0.70     0.30     0.10     0.25    150.0   0
12	483   32380    62     2	      0.70     0.30     0.10     0.25    150.0   0
12	483   32380    12     2	      0.85     0.57     0.00     1.00    150.0   0
12	483   32380    13     2	      0.85     0.57     0.00     1.00    150.0   0
12	483   32131    12     2	      1.00     1.00     1.00     0.50    150.0   0
12	483   32131    13     2	      1.00     1.00     1.00     0.50    150.0   0
//--
12   83   32380    56     2       0.29     0.77     0.97     0.4     100.0   0
12   83   32380    57     2       0.29     0.77     0.97     0.4     100.0   0
12   83   32380    58     2       0.29     0.77     0.97     0.4     100.0   0
12   83   32380    59     2       0.29     0.77     0.97     0.4     100.0   0
12   83   32380    60     2       0.29     0.77     0.97     0.4     100.0   0
12   83   32380    61     2       0.29     0.77     0.97     0.4     100.0   0
12   83   32380    64     2       0.29     0.77     0.97     0.4     100.0   0
12   83   32380    65     2       0.29     0.77     0.97     0.4     100.0   0
12   83   32380    66     2       0.29     0.77     0.97     0.4     100.0   0
12   83   32380    67     2       0.29     0.77     0.97     0.4     100.0   0
12   83   32380    68     2       0.29     0.77     0.97     0.4     100.0   0
12   83   32380    69     2       0.29     0.77     0.97     0.4     100.0   0
12   83   32380    70     2       0.29     0.77     0.97     0.4     100.0   0
12   83   32380    71     2       0.29     0.77     0.97     0.4     100.0   0
12   83   32380    72     2       0.29     0.77     0.97     0.4     100.0   0
12   83   32380    73     2       0.29     0.77     0.97     0.4     100.0   0
12   83   32292    81     2       0.29     0.77     0.97     0.5     100.0   0
12   83   32292    40     2       0.29     0.77     0.97     0.5     100.0   0
end