// Generated from items.bmd with MuOnline PentiumTools
//ItemSlot is: -1)Default, 0)Right-Hand Weapon, 1)Left-Hand Weapon, 2)Helmet, 3)Armor, 4)Pants, 5)Gloves, 6)Boots, 7)Wing, 8)SecondaryUnit, 9)Necklace, 10)Ring
//skilltype is 0:no skill, OtherNumber: Skill index in skill.txt

//Index	ItemSlot	Skill	X	Y	Serial	Option	Drop	ItemName	ItemLvl	DmgMin	DmgMax	Speed	Durability	MagicDur	MagicPwr	RequiredLvl	Strength	Agility	Energy	Vitality	Command	Type	DW/SM	DK/BK	Elf/ME	MG	DL	SUM
0
0	0	0	0	0	0	0	0	"ВЈШаНЃ"	6	1	2	0	50	0	20	0	0	40	40	0	0	0	1	1	1	1	1	1	
1	0	0	0	0	0	0	0	"ЖЬНЃ"	3	1	3	0	20	0	22	0	0	60	0	0	0	0	1	1	1	1	1	1	
2	0	0	0	0	0	0	0	"ЮїбѓНЃ"	9	1	3	0	40	0	23	0	0	50	40	0	0	0	0	1	1	1	1	1	
3	0	0	20	0	0	0	0	"ЖЋбѓЕЖ"	16	1	3	0	35	0	27	0	0	80	40	0	0	0	0	1	0	1	1	0	
4	0	0	21	0	0	0	0	"АЕЩБеп"	12	1	3	0	30	0	24	0	0	60	40	0	0	0	0	1	0	1	1	0	
5	0	0	22	0	0	0	0	"МЋЙтЕЖ"	36	1	3	0	30	0	39	0	0	80	50	0	0	0	1	1	1	1	1	0	
6	0	0	20	0	0	0	0	"Р­ЖЁНЃ"	20	1	3	0	20	0	30	0	0	110	0	0	0	0	0	1	1	1	1	0	
7	0	0	21	0	0	0	0	"йШдТЕЖ"	24	1	3	0	25	0	34	0	0	120	0	0	0	0	0	1	0	1	1	0	
8	0	0	21	0	0	0	0	"ОоЩпФЇНЃ"	30	1	3	0	20	0	36	0	0	130	0	0	0	0	0	1	0	1	1	0	
9	0	0	20	0	0	0	0	"БГХбеп"	32	2	3	0	30	0	40	0	0	103	0	0	0	0	0	1	0	1	0	0	
10	0	0	22	0	0	0	0	"Ььааеп"	40	2	4	0	25	0	50	0	0	80	60	0	0	0	0	1	1	1	0	0	
11	0	0	20	0	0	0	0	"ДЋЫЕжЎНЃ"	44	2	3	0	20	0	54	0	0	120	0	0	0	0	0	1	0	1	0	0	
12	0	0	19	0	0	0	0	"ЬЋбєжЎНЃ"	56	2	3	0	25	0	66	0	0	140	0	0	0	0	0	1	0	1	0	0	
13	0	0	22	0	0	0	0	"ецКьжЎНЃ"	48	1	3	0	30	0	43	0	0	70	70	0	0	0	0	1	1	1	0	0	
14	0	0	22	0	0	0	0	"РзЩёжЎНЃ"	59	1	3	0	30	0	50	0	0	90	50	0	0	0	0	1	1	1	0	0	
15	0	0	23	0	0	0	0	"ЕлЭѕжЎНЃ"	52	2	3	0	20	0	60	0	0	140	0	0	0	0	0	1	0	1	0	0	
16	0	0	22	0	0	0	0	"ЦЦЛЕжЎНЃ"	82	1	4	0	35	0	84	0	0	160	60	0	0	0	0	1	0	1	0	0	
17	0	0	23	0	0	0	0	"ЭРСњЕЖ"	104	2	4	0	40	0	89	0	0	180	50	0	0	0	0	2	0	0	0	0	
18	0	0	23	0	0	0	0	"БМРзНЃ"	105	2	3	0	40	0	86	0	0	180	50	0	0	0	0	0	0	1	0	0	
19	0	0	22	0	0	0	0	"ДѓЬьЪЙжЎНЃ"	86	1	4	0	35	0	168	0	0	140	50	0	0	0	0	1	0	1	1	0	
20	0	0	22	0	0	0	0	"ЖЯдТжЎЙт"	140	1	4	0	35	0	90	0	0	116	38	0	0	0	0	2	0	0	0	0	
21	0	0	56	0	0	0	0	"ФЇЩёНЃ"	140	2	4	0	40	0	100	0	29440	116	53	9	0	0	0	0	0	1	0	0	
22	0	0	22	0	0	0	0	"СњЙЧОоОЇНЃ"	147	1	4	0	40	0	95	0	0	100	35	0	0	0	0	2	0	0	0	0	
23	0	0	56	0	0	0	0	"АСЬьФЇНЃ"	147	2	4	0	45	0	110	0	34304	98	48	7	0	0	0	0	0	1	0	0	
24	0	0	22	0	0	0	0	"БЉЗчОтГн"	115	2	4	0	40	0	90	0	0	192	30	0	0	0	0	2	0	0	0	0	
25	0	0	56	0	0	0	0	"СвЛ№ОоШа"	115	2	4	0	40	0	90	0	27648	136	57	9	0	0	0	0	0	1	0	0	
26	0	0	22	0	0	0	0	"ащЮБжЎНЃ"	137	1	4	0	40	0	90	0	0	193	53	0	0	0	0	2	0	0	0	0	
27	0	0	22	0	0	0	0	"ЩБТОжЎНЃ"	133	1	4	0	35	0	90	0	0	53	176	0	0	0	0	2	0	0	0	0	
28	0	0	56	0	0	0	0	"ЫЋзгжЎНЃ"	139	1	4	0	45	0	90	0	27904	91	73	17	0	0	0	0	0	1	0	0	
31	0	0	56	0	0	0	0	"ЬьРзНЃ"	100	2	4	0	35	0	93	0	26624	135	62	9	0	0	0	0	0	1	0	0	
32	0	0	4	1	0	0	0	"ЩёЪЅЛ№бцШ­Ша"	52	1	2	0	25	0	65	0	0	85	35	0	0	0	0	0	0	0	0	0	
33	0	0	5	1	0	0	0	"БЉЗчЛйУ№Ш­Ша"	82	1	2	0	30	0	77	0	0	100	50	0	0	0	0	0	0	0	0	0	
34	0	0	4	1	0	0	0	"ЕЖЗцШ­Ша"	105	1	2	0	35	0	86	0	0	120	60	0	0	0	0	0	0	0	0	0	
35	0	0	14	1	0	0	0	"ЗяЛъжЎаЧ"	147	1	2	0	40	0	98	0	0	101	51	0	0	0	0	0	0	0	0	0	
51	0	0	22	0	0	0	0	"зЃИЃДѓЬьЪЙжЎНЃ"	86	1	4	0	45	0	168	0	0	140	50	0	0	0	0	1	0	1	1	0	
end
//Index	ItemSlot	Skill	X	Y	Serial	Option	Drop	ItemName	ItemLvl	DmgMin	DmgMax	Speed	Durability	MagicDur	MagicPwr	RequiredLvl	Strength	Agility	Energy	Vitality	Command	Type	DW/SM	DK/BK	Elf/ME	MG	DL	SUM
1
0	0	0	0	0	0	0	0	"ЖЬИЋ"	1	1	3	0	20	0	18	0	0	50	0	0	0	0	1	1	1	1	1	1	
1	0	0	0	0	0	0	0	"ЪжИЋ"	4	1	3	0	30	0	20	0	0	70	0	0	0	0	1	1	1	1	1	1	
2	0	0	19	0	0	0	0	"ЫЋШаИЋ"	14	1	3	0	20	0	26	0	0	90	0	0	0	0	0	1	0	1	1	0	
3	0	0	19	0	0	0	0	"ЗЩЯшИЋ"	18	1	3	0	30	0	28	0	0	100	0	0	0	0	0	1	0	1	1	0	
4	0	0	0	0	0	0	0	"ОЋСщжЎИЋ"	26	1	3	0	40	0	32	0	0	50	70	0	0	0	1	0	1	1	0	1	
5	0	0	19	0	0	0	0	"еНЪПжЎИЋ"	30	2	3	0	20	0	36	0	0	120	0	0	0	0	0	1	1	1	0	0	
6	0	0	19	0	0	0	0	"ЖЗЪПжЎИЋ"	34	2	3	0	30	0	44	0	0	130	0	0	0	0	0	1	1	1	0	0	
7	0	0	19	0	0	0	0	"ЖЗЩёжЎИЋ"	46	2	3	0	25	0	55	0	0	140	0	0	0	0	0	1	0	1	0	0	
8	0	0	19	0	0	0	0	"ФЉШежЎИЋ"	54	2	3	0	30	0	65	0	0	100	40	0	0	0	1	1	0	1	0	0	
end
//Index	ItemSlot	Skill	X	Y	Serial	Option	Drop	ItemName	ItemLvl	DmgMin	DmgMax	Speed	Durability	MagicDur	MagicPwr	RequiredLvl	Strength	Agility	Energy	Vitality	Command	Type	DW/SM	DK/BK	Elf/ME	MG	DL	SUM
2
0	0	0	0	0	0	0	0	"ЪЏщГ"	7	1	3	0	15	0	21	0	0	100	0	0	0	0	0	1	0	1	1	0	
1	0	0	19	0	0	0	0	"СїаЧщГ"	13	1	3	0	15	0	25	0	0	100	0	0	0	0	0	1	0	1	1	0	
2	0	0	0	0	0	0	0	"ЦЦЛЕжЎщГ"	22	1	3	0	15	0	32	0	0	80	50	0	0	0	0	1	0	1	1	0	
3	0	0	19	0	0	0	0	"АзН№жЎщГ"	38	2	3	0	15	0	50	0	0	150	0	0	0	0	0	1	0	1	0	0	
4	0	0	19	0	0	0	0	"ЫЎОЇСїаЧ"	66	2	3	0	30	0	72	0	0	130	0	0	0	0	1	1	1	1	0	0	
5	0	0	23	0	0	0	0	"аўБљНЃ"	72	2	4	0	40	0	76	0	0	130	70	0	0	0	1	1	1	1	0	0	
6	0	0	23	0	0	0	0	"ТъбХСњИЋ"	75	2	4	0	35	0	80	0	0	140	50	0	0	0	0	1	0	1	0	0	
7	0	0	0	0	0	0	0	"ОЋСщжЎщГ"	90	1	3	0	50	0	50	0	0	15	42	0	0	0	0	0	2	0	0	0	
8	0	0	66	0	0	0	0	"еНЖЗШЈеШ"	54	1	3	0	45	0	40	0	768	80	17	0	0	0	0	0	0	0	1	0	
9	0	0	66	0	0	0	0	"еїЗўШЈеШ"	72	1	3	0	45	0	45	0	5120	87	18	0	0	0	0	0	0	0	1	0	
10	0	0	66	0	0	0	0	"ЪЅНЃШЈеШ"	82	1	4	0	45	0	65	0	8960	100	21	0	0	0	0	0	0	0	1	0	
11	0	0	66	0	0	0	0	"ЭѕепШЈеШ"	98	1	4	0	40	0	72	0	13312	105	23	0	0	0	0	0	0	0	1	0	
12	0	0	66	0	0	0	0	"жСз№ШЈеШ"	140	1	4	0	40	0	84	0	17152	90	20	0	0	0	0	0	0	0	1	0	
13	0	0	66	0	0	0	0	"ДѓЬьЪЙОјЖдШЈеШ"	150	1	4	0	40	0	90	0	19968	75	16	0	0	1	0	0	0	0	1	0	
14	0	0	66	0	0	0	0	"ЪЅз№ЬьЪЙШЈеШ"	146	1	4	0	40	0	95	0	21504	80	15	0	0	0	0	0	0	0	1	0	
15	0	0	66	0	0	0	0	"ЪЅЙтШЈеШ"	110	1	4	0	40	0	78	0	15360	108	22	0	0	0	0	0	0	0	1	0	
16	0	0	0	0	0	0	0	"ОоЖОжЎДЬ"	121	1	3	0	50	0	80	0	0	27	19	0	0	0	0	0	2	0	0	0	
17	0	0	66	0	0	0	0	"ЖРВУШЈеШ"	135	1	4	0	40	0	90	0	18432	119	24	0	0	0	0	0	0	0	1	0	
18	0	0	66	0	0	0	0	"Ььз№ШЈеШ"	147	1	4	0	40	0	86	0	17920	87	20	0	0	0	0	0	0	0	1	0	
25	0	0	66	0	0	0	0	"зЃИЃДѓЬьЪЙОјЖдШЈеШ"	150	1	4	0	45	0	90	0	19968	75	16	0	0	1	0	0	0	0	1	0	
end
//Index	ItemSlot	Skill	X	Y	Serial	Option	Drop	ItemName	ItemLvl	DmgMin	DmgMax	Speed	Durability	MagicDur	MagicPwr	RequiredLvl	Strength	Agility	Energy	Vitality	Command	Type	DW/SM	DK/BK	Elf/ME	MG	DL	SUM
3
0	0	0	22	0	0	0	0	"КкЮфЪП"	42	2	4	0	25	0	56	0	0	60	70	0	0	0	0	1	1	1	0	0	
1	0	0	0	0	0	0	0	"КззьУЌ"	23	2	4	0	30	0	42	0	0	70	50	0	0	0	0	1	1	1	0	0	
2	0	0	0	0	0	0	0	"еНУЌ"	15	2	4	0	30	0	34	0	0	70	50	0	0	0	0	1	1	1	0	0	
3	0	0	0	0	0	0	0	"ЫЋКзУЌ"	29	2	4	0	25	0	44	0	0	90	30	0	0	0	0	1	1	1	0	0	
4	0	0	20	0	0	0	0	"ОоЩпС­ЕЖ"	46	2	4	0	20	0	58	0	0	90	30	0	0	0	0	1	1	1	0	0	
5	0	0	0	0	0	0	0	"ЫЋШаУЌ"	13	2	4	0	30	0	38	0	0	70	50	0	0	0	0	1	1	1	0	0	
6	0	0	0	0	0	0	0	"ИЋШаУЌ"	19	2	4	0	30	0	40	0	0	70	50	0	0	0	0	1	1	1	0	0	
7	0	0	22	0	0	0	0	"АЭЕЯжЎУЌ"	37	2	4	0	30	0	54	0	0	80	50	0	0	0	0	1	1	1	0	0	
8	0	0	22	0	0	0	0	"ЕлЭѕС­ЕЖ"	54	2	4	0	25	0	68	0	0	90	50	0	0	0	0	1	1	1	0	0	
9	0	0	22	0	0	0	0	"ЫРЩёС­ЕЖ"	63	2	4	0	25	0	74	0	0	80	50	0	0	0	0	1	1	1	0	0	
10	0	0	22	0	0	0	0	"ЧрСњЕЖ"	92	2	4	0	35	0	85	0	0	170	60	0	0	0	0	2	0	0	0	0	
11	0	0	22	0	0	0	0	"йШдТС­ЕЖ"	147	2	4	0	40	0	90	0	0	152	25	0	0	0	0	2	0	1	0	0	
end
//Index	ItemSlot	Skill	X	Y	Serial	Option	Drop	ItemName	ItemLvl	DmgMin	DmgMax	Speed	Durability	MagicDur	MagicPwr	RequiredLvl	Strength	Agility	Energy	Vitality	Command	Type	DW/SM	DK/BK	Elf/ME	MG	DL	SUM
4
0	1	0	24	0	0	0	0	"ЖЬЙ­"	2	2	3	0	30	0	20	0	0	20	80	0	0	0	0	0	1	0	0	0	
1	1	0	24	0	0	0	0	"ГЄЙ­"	8	2	3	0	30	0	24	0	0	30	90	0	0	0	0	0	1	0	0	0	
2	1	0	24	0	0	0	0	"ОЋСщжЎЙ­"	16	2	3	0	30	0	28	0	0	30	90	0	0	0	0	0	1	0	0	0	
3	1	0	24	0	0	0	0	"АЭЬижЎЙ­"	26	2	3	0	30	0	36	0	0	30	90	0	0	0	0	0	1	0	0	0	
4	1	0	24	0	0	0	0	"ЛЦН№жЎЛЂ"	40	2	4	0	30	0	43	0	0	30	100	0	0	0	0	0	1	0	0	0	
5	1	0	24	0	0	0	0	"вјвэжЎЙ­"	56	2	4	0	40	0	48	0	0	30	100	0	0	0	0	0	1	0	0	0	
6	1	0	24	0	0	0	0	"ТъбХЩёЙ­"	75	2	4	0	35	0	68	0	0	40	150	0	0	0	0	0	1	0	0	0	
7	1	0	0	0	0	0	0	"хѓМ§"	0	1	1	0	0	0	255	0	0	0	0	0	0	0	0	0	1	0	0	0	
8	0	0	24	0	0	0	0	"ЪЏхѓ"	4	2	2	0	40	0	22	0	0	20	90	0	0	0	0	0	1	0	0	0	
9	0	0	24	0	0	0	0	"ЛЦН№ЪЏхѓ"	12	2	2	0	40	0	26	0	0	30	90	0	0	0	0	0	1	0	0	0	
10	0	0	24	0	0	0	0	"Л№Щёхѓ"	20	2	2	0	40	0	31	0	0	30	90	0	0	0	0	0	1	0	0	0	
11	0	0	24	0	0	0	0	"ОоШЫхѓ"	32	2	3	0	40	0	40	0	0	30	90	0	0	0	0	0	1	0	0	0	
12	0	0	24	0	0	0	0	"геЛѓжЎхѓ"	48	2	3	0	40	0	45	0	0	30	100	0	0	0	0	0	1	0	0	0	
13	0	0	24	0	0	0	0	"РЖєсхѓ"	68	2	3	0	40	0	56	0	0	40	110	0	0	0	0	0	1	0	0	0	
14	0	0	24	0	0	0	0	"ЮТЕйФн"	72	2	3	0	30	0	60	0	0	50	130	0	0	0	0	0	1	0	0	0	
15	0	0	0	0	0	0	0	"Й­М§"	0	1	1	0	0	0	255	0	0	0	0	0	0	0	0	0	1	0	0	0	
16	0	0	24	0	0	0	0	"ЪЅепжЎхѓ"	84	2	4	0	35	0	72	0	0	50	160	0	0	0	0	0	1	0	0	0	
17	1	0	24	0	0	0	0	"ЪЅСщжЎЙ­"	92	2	4	0	35	0	76	0	0	54	198	0	0	0	0	0	2	0	0	0	
18	0	0	24	0	0	0	0	"ДѓЬьЪЙжЎхѓ"	100	2	3	0	35	0	200	0	0	40	110	0	0	0	0	0	1	0	0	0	
19	0	0	24	0	0	0	0	"зЗдТЩёхѓ"	100	2	3	0	40	0	80	0	0	61	285	0	0	0	0	0	2	0	0	0	
20	1	0	24	0	0	0	0	"Кьг№ЩёЙ­"	135	2	4	0	45	0	86	0	0	52	245	0	0	0	0	0	2	0	0	0	
21	1	0	24	0	0	0	0	"зЯбцжЎЙ­"	147	2	4	0	45	0	93	0	0	46	210	0	0	0	0	0	2	0	0	0	
22	1	0	24	0	0	0	0	"БЬгАФЇЙ­"	110	2	4	0	45	0	70	0	0	60	265	0	0	0	0	0	2	0	0	0	
23	1	0	24	0	0	0	0	"Щёг№жЎЙ­"	134	2	4	0	45	0	80	0	0	32	209	0	0	0	0	0	2	0	0	0	
24	1	0	24	0	0	0	0	"ЯЩСщжЎЙ­"	147	2	4	0	45	0	88	0	0	49	226	0	0	0	0	0	2	0	0	0	
30	0	0	24	0	0	0	0	"зЃИЃДѓЬьЪЙжЎхѓ"	100	2	3	0	45	0	200	0	0	40	110	0	0	0	0	0	1	0	0	0	
end
//Index	ItemSlot	Skill	X	Y	Serial	Option	Drop	ItemName	ItemLvl	DmgMin	DmgMax	Speed	Durability	MagicDur	MagicPwr	RequiredLvl	Strength	Agility	Energy	Vitality	Command	Type	DW/SM	DK/BK	Elf/ME	MG	DL	SUM
5
0	0	0	0	0	0	0	0	"їМїУеШ"	6	1	3	0	20	0	0	0	1556	40	0	0	0	0	1	0	0	1	0	1	
1	0	0	0	0	0	0	0	"ЬьЪЙеШ"	18	2	3	0	25	0	0	0	5158	50	0	0	0	0	1	0	0	1	0	0	
2	0	0	0	0	0	0	0	"ЖОЩпеШ"	30	2	3	0	25	0	0	0	8754	50	0	0	0	0	1	0	0	1	0	0	
3	0	0	0	0	0	0	0	"ЩСЕчеШ"	42	2	4	0	25	0	0	0	11836	40	10	0	0	0	1	0	0	1	0	0	
4	0	0	0	0	0	0	0	"ИъЕЧжЎеШ"	52	2	4	0	25	0	0	0	14913	50	0	0	0	0	1	0	0	1	0	0	
5	0	0	0	0	0	0	0	"ДЋЫЕжЎеШ"	59	1	4	0	25	0	0	0	15170	50	0	0	0	0	1	0	0	1	0	0	
6	0	0	0	0	0	0	0	"ИДЛюжЎеШ"	70	1	4	0	25	0	0	0	17990	60	10	0	0	0	1	0	0	1	0	0	
7	0	0	0	0	0	0	0	"ТъбХРзеШ"	75	2	4	0	30	0	0	0	24134	60	10	0	0	0	1	0	0	1	0	0	
8	0	0	0	0	0	0	0	"ЛйУ№жЎеШ"	90	2	4	0	30	0	0	0	25941	60	10	0	0	0	1	0	0	1	0	0	
9	0	0	0	0	0	0	0	"їшїыжЎеШ"	100	1	4	0	30	0	0	0	23643	52	16	0	0	0	2	0	0	0	0	0	
10	0	0	0	0	0	0	0	"ДѓЬьЪЙжЎеШ"	104	1	4	0	20	0	0	0	27318	36	4	0	0	0	1	0	0	1	0	0	
11	0	0	0	0	0	0	0	"РЅЖйжЎеШ"	140	1	4	0	30	0	0	0	28255	45	16	0	0	0	2	0	0	1	0	0	
12	0	0	0	0	0	0	0	"ЫРЩёжЎеШ"	147	1	4	0	30	0	0	0	33380	39	13	0	0	0	2	0	0	0	0	0	
13	0	0	0	0	0	0	0	"ЛУдТРзеШ"	110	1	4	0	30	0	0	0	30798	50	16	0	0	0	2	0	0	0	0	0	
14	0	0	0	0	0	0	0	"УджЎеШ"	28	1	4	0	25	0	0	0	8754	34	14	0	0	0	0	0	0	0	0	1	
15	0	0	0	0	0	0	0	"ьЋЗчжЎеШ"	42	1	4	0	25	0	0	0	11836	33	17	0	0	0	0	0	0	0	0	1	
16	0	0	0	0	0	0	0	"КьвэжЎеШ"	59	1	4	0	25	0	0	0	15169	36	14	0	0	0	0	0	0	0	0	1	
17	0	0	0	0	0	0	0	"дЖЙХжЎеШ"	78	1	4	0	25	0	0	0	19537	50	19	0	0	0	0	0	0	0	0	1	
18	0	0	0	0	0	0	0	"ФЇСщжЎеШ"	100	1	4	0	30	0	0	0	23643	54	15	0	0	0	0	0	0	0	0	2	
19	0	0	0	0	0	0	0	"ЗчгАжЎеШ"	110	1	4	0	30	0	0	0	28255	64	15	0	0	0	0	0	0	0	0	2	
21	1	0	223	0	0	0	0	"Л№СњЪожЎЪщ"	52	1	2	0	25	0	0	0	11836	0	20	135	0	0	0	0	0	0	0	1	
22	1	0	224	0	0	0	0	"вьСщжЎЪщ"	59	1	2	0	25	0	0	0	15169	0	25	168	0	0	0	0	0	0	0	1	
23	1	0	225	0	0	0	0	"ЮлСщжЎЪщ"	65	1	2	0	25	0	0	0	18482	0	30	201	0	0	0	0	0	0	0	1	
30	0	0	0	0	0	0	0	"жТУќФЇеШ"	138	1	4	0	30	0	0	0	32347	47	18	0	0	0	0	0	0	1	0	0	
31	0	0	0	0	0	0	0	"ФЇгќжЎеШ"	137	1	4	0	30	0	0	0	31926	48	14	0	0	0	2	0	0	0	0	0	
33	0	0	0	0	0	0	0	"ЬьЦэжЎеШ"	147	1	4	0	30	0	0	0	31822	50	12	0	0	0	2	0	0	1	0	0	
34	0	0	0	0	0	0	0	"СЕУЂжЎеШ"	147	1	4	0	30	0	0	0	33378	50	14	0	0	0	0	0	0	0	0	2	
36	0	0	0	0	0	0	0	"ДѓЬьЪЙжЎОјЖдФЇеШ"	104	1	4	0	20	0	0	0	37558	55	13	0	0	0	0	0	0	0	0	1	
49	0	0	0	0	0	0	0	"зЃИЃДѓЬьЪЙжЎеШ"	104	1	4	0	30	0	0	0	27318	36	4	0	0	0	1	0	0	1	0	0	
50	0	0	0	0	0	0	0	"зЃИЃДѓЬьЪЙФЇеШ"	104	1	4	0	30	0	0	0	37558	55	13	0	0	0	0	0	0	0	0	1	
end
//Index	ItemSlot	Skill	X	Y	Serial	Option	Drop	ItemName	ItemLvl	Defense	DefenseRate	Durability	RequiredLvl	Strength	Agility	Energy	Vitality	Command	Type	DW/SM	DK/BK	Elf/ME	MG	DL	SUM
6
0	1	0	0	0	0	0	0	"дВЖм"	3	0	0	0	0	0	70	0	0	0	0	1	1	1	1	1	0	
1	1	0	0	0	0	0	0	"еНЪПжЎЖм"	9	0	0	0	0	0	100	0	0	0	0	0	1	0	1	1	0	
2	1	0	0	0	0	0	0	"ЗчжЎЖм"	12	0	0	0	0	0	110	0	0	0	0	0	1	0	1	1	0	
3	1	0	0	0	0	0	0	"ФЇЗЈжЎЖм"	21	0	0	0	0	0	30	100	0	0	0	0	0	1	0	0	0	
4	1	0	18	0	0	0	0	"ИжЬњжЎЖм"	6	0	0	0	0	0	80	0	0	0	0	1	1	1	1	1	0	
5	1	0	18	0	0	0	0	"СњжЎЖм"	35	0	0	0	0	0	100	40	0	0	0	0	1	0	1	1	0	
6	1	0	18	0	0	0	0	"їМїУжЎЖм"	15	0	0	0	0	0	110	0	0	0	0	1	1	1	1	1	0	
7	1	0	18	0	0	0	0	"МтДЬжЎЖм"	30	0	0	0	0	0	130	0	0	0	0	0	1	0	1	1	0	
8	1	0	18	0	0	0	0	"ЪЇТфжЎЖм"	40	0	0	0	0	0	130	0	0	0	0	0	1	1	1	1	0	
9	1	0	18	0	0	0	0	"дЖЙХжЎЖм"	25	0	0	0	0	0	120	0	0	0	0	0	1	0	1	1	0	
10	1	0	18	0	0	0	0	"здгЩжЎЖм"	18	0	0	0	0	0	120	0	0	0	0	0	1	0	1	1	0	
11	1	0	18	0	0	0	0	"ЖОЩпжЎЖм"	45	0	0	0	0	0	130	0	0	0	0	0	1	1	1	1	0	
12	1	0	18	0	0	0	0	"ВМРЪЫО"	54	0	0	0	0	0	140	0	0	0	0	0	1	0	1	0	0	
13	1	0	18	0	0	0	0	"Л№СњжЎЖм"	60	0	0	0	0	0	120	40	0	0	0	0	1	0	1	0	0	
14	1	0	0	0	0	0	0	"ДЋЫЕжЎЖм"	48	0	0	0	0	0	90	25	0	0	0	1	0	1	1	0	0	
15	1	0	0	0	0	0	0	"їшїыжЎЖм"	74	0	0	0	0	0	70	23	0	0	0	2	0	0	0	0	0	
16	1	0	0	0	0	0	0	"ОЋСщжЎЖм"	66	0	0	0	0	0	30	60	30	0	0	0	0	2	0	0	0	
17	1	0	18	0	0	0	0	"ШйгўжЎЖм"	104	0	0	0	0	0	95	48	0	0	0	0	2	0	0	0	0	
18	1	0	18	0	0	0	0	"Л№ЩпжЎЖм"	102	0	0	0	0	0	80	61	0	0	0	0	0	0	1	0	0	
19	1	0	0	0	0	0	0	"КЎБљжЎЖм"	99	0	0	0	0	0	26	53	26	0	0	0	0	2	0	0	0	
20	1	0	18	0	0	0	0	"ЭіЛъжЎЖм"	106	0	0	0	0	0	54	18	0	0	0	2	0	0	0	0	0	
21	1	0	18	0	0	0	0	"ЪЎзжМмжЎЖм"	70	0	0	0	0	0	140	55	0	0	0	0	0	0	0	1	0	
end
//Index	ItemSlot	Skill	X	Y	Serial	Option	Drop	ItemName	ItemLvl	Defense	MagicDefense	Durability	RequiredLvl	Strength	Agility	Energy	Vitality	Command	Type	DW/SM	DK/BK	Elf/ME	MG	DL	SUM
7
0	2	0	0	0	0	0	0	"ЧрЭ­Пј"	16	0	0	0	0	0	80	20	0	0	0	0	1	0	0	1	0	
1	2	0	0	0	0	0	0	"СњЭѕжЎПј"	57	0	0	0	0	0	120	30	0	0	0	0	1	0	0	0	0	
2	2	0	0	0	0	0	0	"ИяПј"	5	0	0	0	0	0	20	0	0	0	0	1	0	0	0	0	0	
3	2	0	0	0	0	0	0	"ДЋЫЕжЎПј"	50	0	0	0	0	0	30	0	0	0	0	1	0	0	0	0	0	
4	2	0	0	0	0	0	0	"їМїУЭЗПј"	18	0	0	0	0	0	30	0	0	0	0	1	0	0	0	0	0	
5	2	0	0	0	0	0	0	"ЦЄПј"	6	0	0	0	0	0	80	0	0	0	0	0	1	0	0	1	0	
6	2	0	0	0	0	0	0	"єфДфПј"	26	0	0	0	0	0	110	0	0	0	0	0	1	0	0	1	0	
7	2	0	0	0	0	0	0	"ФЇЭѕжЎПј"	32	0	0	0	0	0	30	0	0	0	0	1	0	0	0	0	0	
8	2	0	0	0	0	0	0	"ЛЦН№Пј"	36	0	0	0	0	0	100	30	0	0	0	0	1	0	0	0	0	
9	2	0	0	0	0	0	0	"АзН№Пј"	46	0	0	0	0	0	130	0	0	0	0	0	1	0	0	0	0	
10	2	0	0	0	0	0	0	"ЬйПј"	6	0	0	0	0	0	30	60	0	0	0	0	0	1	0	0	0	
11	2	0	0	0	0	0	0	"ЬьВЯжЎПј"	16	0	0	0	0	0	30	70	0	0	0	0	0	1	0	0	0	
12	2	0	0	0	0	0	0	"ЗчжЎПј"	28	0	0	0	0	0	30	80	0	0	0	0	0	1	0	0	0	
13	2	0	0	0	0	0	0	"ОЋСщжЎПј"	40	0	0	0	0	0	40	80	0	0	0	0	0	1	0	0	0	
14	2	0	0	0	0	0	0	"ХЎЩёжЎПј"	53	0	0	0	0	0	40	80	0	0	0	0	0	1	0	0	0	
16	2	0	0	0	0	0	0	"КкСњЭѕжЎПј"	82	0	0	0	0	0	170	60	0	0	0	0	1	0	0	0	0	
17	2	0	0	0	0	0	0	"КкЗяЛЫжЎПј"	92	0	0	0	0	0	205	62	0	0	0	0	2	0	0	0	0	
18	2	0	0	0	0	0	0	"Л№їшїыжЎПј"	81	0	0	0	0	0	59	20	0	0	0	2	0	0	0	0	0	
19	2	0	0	0	0	0	0	"ЪЅСщжЎПј"	85	0	0	0	0	0	50	110	0	0	0	0	0	2	0	0	0	
21	2	0	0	0	0	0	0	"СњбзжЎПј"	104	0	0	0	0	0	200	58	0	0	0	0	2	0	0	0	0	
22	2	0	0	0	0	0	0	"КкбзжЎПј"	110	0	0	0	0	0	55	18	0	0	0	2	0	0	0	0	0	
24	2	0	0	0	0	0	0	"Кьг№жЎПј"	93	0	0	0	0	0	52	115	0	0	0	0	0	2	0	0	0	
25	2	0	0	0	0	0	0	"ЪЅдЊжЎПј"	46	0	0	0	0	0	70	20	0	0	0	0	0	0	0	1	0	
26	2	0	0	0	0	0	0	"ЪЅЛъжЎПј"	66	0	0	0	0	0	77	21	0	0	0	0	0	0	0	1	0	
27	2	0	0	0	0	0	0	"ЩёЪЅжЎПј"	86	0	0	0	0	0	84	22	0	0	0	0	0	0	0	1	0	
28	2	0	0	0	0	0	0	"жСз№жЎПј"	106	0	0	0	0	0	80	21	0	0	0	0	0	0	0	1	0	
29	2	0	0	0	0	0	0	"АЕКкЖЗЩёжЎПј"	130	0	0	0	0	0	170	60	0	0	0	0	2	0	0	0	0	
30	2	0	0	0	0	0	0	"ЗЈЛъаўСщжЎПј"	126	0	0	0	0	0	44	15	0	0	0	2	0	0	0	0	0	
31	2	0	0	0	0	0	0	"зЯСщжЎПј"	126	0	0	0	0	0	38	80	0	0	0	0	0	2	0	0	0	
33	2	0	0	0	0	0	0	"жцЫЙжЎПј"	130	0	0	0	0	0	62	16	0	0	0	0	0	0	0	1	0	
34	2	0	0	0	0	0	0	"БЉЗчжЎПј"	67	0	0	0	0	0	160	50	0	0	0	0	1	0	0	0	0	
35	2	0	0	0	0	0	0	"ЛУдТжЎПј"	67	0	0	0	0	0	53	12	0	0	0	1	0	0	0	0	0	
36	2	0	0	0	0	0	0	"БЬгАжЎПј"	67	0	0	0	0	0	50	70	0	0	0	0	0	1	0	0	0	
38	2	0	0	0	0	0	0	"ЪЅЙтжЎПј"	97	0	0	0	0	0	80	21	0	0	0	0	0	0	0	1	0	
39	2	0	0	0	0	0	0	"ьЋЗчжЎПј"	28	0	0	0	0	0	31	0	0	0	0	0	0	0	0	0	1	
40	2	0	0	0	0	0	0	"КьвэжЎПј"	50	0	0	0	0	0	26	4	0	0	0	0	0	0	0	0	1	
41	2	0	0	0	0	0	0	"дЖЙХжЎПј"	68	0	0	0	0	0	52	16	0	0	0	0	0	0	0	0	1	
42	2	0	0	0	0	0	0	"ФЇСщжЎПј"	81	0	0	0	0	0	60	20	0	0	0	0	0	0	0	0	2	
43	2	0	0	0	0	0	0	"ЗчгАжЎПј"	110	0	0	0	0	0	56	20	0	0	0	0	0	0	0	0	2	
45	2	0	0	0	0	0	0	"ЬЉЬЙжЎПј"	111	0	0	0	0	0	222	32	0	0	0	0	1	0	0	0	0	
46	2	0	0	0	0	0	0	"гТЦјжЎПј"	107	0	0	0	0	0	74	162	0	0	0	0	1	0	0	0	0	
49	2	0	0	0	0	0	0	"ПжОхжЎПј"	111	0	0	0	0	0	55	197	0	0	0	0	0	1	0	0	0	
50	2	0	0	0	0	0	0	"СщЙтжЎПј"	104	0	0	0	0	0	32	29	138	0	0	0	0	1	0	0	0	
51	2	0	0	0	0	0	0	"АдЭѕжЎПј"	111	0	0	0	0	0	105	38	0	0	0	0	0	0	0	1	0	
52	2	0	0	0	0	0	0	"кЄЭѕжЎПј"	109	0	0	0	0	0	60	15	181	0	0	1	0	0	0	0	0	
59	2	0	0	0	0	0	0	"ЩёЪЅЛ№бцжЎПј"	54	0	0	0	0	0	85	0	0	75	0	0	0	0	0	0	0	
60	2	0	0	0	0	0	0	"БЉЗчЛйУ№жЎПј"	70	0	0	0	0	0	100	0	0	90	0	0	0	0	0	0	0	
61	2	0	0	0	0	0	0	"ЕЖЗцжЎПј"	90	0	0	0	0	0	115	0	0	100	0	0	0	0	0	0	0	
73	2	0	0	0	0	0	0	"ЗяЛъжЎПј"	128	0	0	0	0	0	97	0	0	85	0	0	0	0	0	0	0	
end
//Index	ItemSlot	Skill	X	Y	Serial	Option	Drop	ItemName	ItemLvl	Defense	MagicDefense	Durability	RequiredLvl	Strength	Agility	Energy	Vitality	Command	Type	DW/SM	DK/BK	Elf/ME	MG	DL	SUM
8
0	3	0	0	0	0	0	0	"ЧрЭ­юј"	18	0	0	0	0	0	80	20	0	0	0	0	1	0	1	1	0	
1	3	0	0	0	0	0	0	"СњЭѕжЎюј"	59	0	0	0	0	0	120	30	0	0	0	0	1	0	1	0	0	
2	3	0	0	0	0	0	0	"Ияюј"	10	0	0	0	0	0	30	0	0	0	0	1	0	0	1	0	0	
3	3	0	0	0	0	0	0	"ДЋЫЕжЎюј"	56	0	0	0	0	0	40	0	0	0	0	1	0	0	1	0	0	
4	3	0	0	0	0	0	0	"їМїУюј"	22	0	0	0	0	0	40	0	0	0	0	1	0	0	1	0	0	
5	3	0	0	0	0	0	0	"ЦЄюј"	10	0	0	0	0	0	80	0	0	0	0	0	1	0	1	1	0	
6	3	0	0	0	0	0	0	"єфДфюј"	28	0	0	0	0	0	110	0	0	0	0	0	1	0	1	1	0	
7	3	0	0	0	0	0	0	"ФЇЭѕжЎюј"	38	0	0	0	0	0	40	0	0	0	0	1	0	0	1	0	0	
8	3	0	0	0	0	0	0	"ЛЦН№юј"	38	0	0	0	0	0	100	30	0	0	0	0	1	0	1	0	0	
9	3	0	0	0	0	0	0	"АзН№юј"	48	0	0	0	0	0	130	0	0	0	0	0	1	0	1	0	0	
10	3	0	0	0	0	0	0	"Ьйюј"	10	0	0	0	0	0	30	60	0	0	0	0	0	1	0	0	0	
11	3	0	0	0	0	0	0	"ЬьВЯжЎюј"	20	0	0	0	0	0	30	70	0	0	0	0	0	1	0	0	0	
12	3	0	0	0	0	0	0	"ЗчжЎюј"	32	0	0	0	0	0	30	80	0	0	0	0	0	1	0	0	0	
13	3	0	0	0	0	0	0	"ОЋСщжЎюј"	44	0	0	0	0	0	40	80	0	0	0	0	0	1	0	0	0	
14	3	0	0	0	0	0	0	"ХЎЩёжЎюј"	57	0	0	0	0	0	40	80	0	0	0	0	0	1	0	0	0	
15	3	0	0	0	0	0	0	"бЧЬиРМЕйЫЙжЎюј"	80	0	0	0	0	0	150	70	0	0	0	0	0	0	1	0	0	
16	3	0	0	0	0	0	0	"КкСњЭѕжЎюј"	90	0	0	0	0	0	170	60	0	0	0	0	1	0	0	0	0	
17	3	0	0	0	0	0	0	"КкЗяЛЫжЎюј"	100	0	0	0	0	0	214	65	0	0	0	0	2	0	0	0	0	
18	3	0	0	0	0	0	0	"Л№їшїыжЎюј"	91	0	0	0	0	0	59	20	0	0	0	2	0	0	0	0	0	
19	3	0	0	0	0	0	0	"ЪЅСщжЎюј"	92	0	0	0	0	0	50	110	0	0	0	0	0	2	0	0	0	
20	3	0	0	0	0	0	0	"БМРзжЎюј"	107	0	0	0	0	0	170	70	0	0	0	0	0	0	1	0	0	
21	3	0	0	0	0	0	0	"СњбзжЎюј"	126	0	0	0	0	0	200	58	0	0	0	0	2	0	0	0	0	
22	3	0	0	0	0	0	0	"КкбзжЎюј"	122	0	0	0	0	0	55	18	0	0	0	2	0	0	0	0	0	
23	3	0	0	0	0	0	0	"ФЇЩёжЎюј"	128	0	0	0	0	0	162	66	0	0	0	0	0	0	1	0	0	
24	3	0	0	0	0	0	0	"Кьг№жЎюј"	109	0	0	0	0	0	52	115	0	0	0	0	0	2	0	0	0	
25	3	0	0	0	0	0	0	"ЪЅдЊжЎюј"	62	0	0	0	0	0	70	20	0	0	0	0	0	0	0	1	0	
26	3	0	0	0	0	0	0	"ЪЅЛъжЎюј"	78	0	0	0	0	0	77	21	0	0	0	0	0	0	0	1	0	
27	3	0	0	0	0	0	0	"ЩёЪЅжЎюј"	96	0	0	0	0	0	84	22	0	0	0	0	0	0	0	1	0	
28	3	0	0	0	0	0	0	"жСз№жЎюј"	117	0	0	0	0	0	80	21	0	0	0	0	0	0	0	1	0	
29	3	0	0	0	0	0	0	"АЕКкЖЗЩёжЎюј"	140	0	0	0	0	0	170	60	0	0	0	0	2	0	0	0	0	
30	3	0	0	0	0	0	0	"ЗЈЛъаўСщжЎюј"	146	0	0	0	0	0	44	15	0	0	0	2	0	0	0	0	0	
31	3	0	0	0	0	0	0	"зЯСщжЎюј"	146	0	0	0	0	0	38	80	0	0	0	0	0	2	0	0	0	
32	3	0	0	0	0	0	0	"ЬьФЇЖЗЩёжЎюј"	147	0	0	0	0	0	145	60	0	0	0	0	0	0	1	0	0	
33	3	0	0	0	0	0	0	"жцЫЙжЎюј"	147	0	0	0	0	0	62	16	0	0	0	0	0	0	0	1	0	
34	3	0	0	0	0	0	0	"БЉЗчжЎюј"	75	0	0	0	0	0	160	50	0	0	0	0	1	0	0	0	0	
35	3	0	0	0	0	0	0	"ЛУдТжЎюј"	75	0	0	0	0	0	53	12	0	0	0	1	0	0	0	0	0	
36	3	0	0	0	0	0	0	"БЬгАжЎюј"	75	0	0	0	0	0	50	70	0	0	0	0	0	1	0	0	0	
37	3	0	0	0	0	0	0	"СвЛ№жЎюј"	105	0	0	0	0	0	155	50	0	0	0	0	0	0	1	0	0	
38	3	0	0	0	0	0	0	"ЪЅЙтжЎюј"	105	0	0	0	0	0	80	21	0	0	0	0	0	0	0	1	0	
39	3	0	0	0	0	0	0	"ьЋЗчжЎюј"	34	0	0	0	0	0	39	0	0	0	0	0	0	0	0	0	1	
40	3	0	0	0	0	0	0	"КьвэжЎюј"	56	0	0	0	0	0	35	8	0	0	0	0	0	0	0	0	1	
41	3	0	0	0	0	0	0	"дЖЙХжЎюј"	75	0	0	0	0	0	52	16	0	0	0	0	0	0	0	0	1	
42	3	0	0	0	0	0	0	"ФЇСщжЎюј"	91	0	0	0	0	0	60	20	0	0	0	0	0	0	0	0	2	
43	3	0	0	0	0	0	0	"ЗчгАжЎюј"	122	0	0	0	0	0	57	19	0	0	0	0	0	0	0	0	2	
45	3	0	0	0	0	0	0	"ЬЉЬЙжЎюј"	132	0	0	0	0	0	222	32	0	0	0	0	1	0	0	0	0	
46	3	0	0	0	0	0	0	"гТЦјжЎюј"	128	0	0	0	0	0	74	162	0	0	0	0	1	0	0	0	0	
47	3	0	0	0	0	0	0	"ОоЪЏжЎюј"	131	0	0	0	0	0	212	57	0	0	0	0	0	0	1	0	0	
48	3	0	0	0	0	0	0	"ЦЦУ№жЎюј"	125	0	0	0	0	0	62	19	165	0	0	0	0	0	1	0	0	
49	3	0	0	0	0	0	0	"ПжОхжЎюј"	129	0	0	0	0	0	55	197	0	0	0	0	0	1	0	0	0	
50	3	0	0	0	0	0	0	"СщЙтжЎюј"	122	0	0	0	0	0	32	29	138	0	0	0	0	1	0	0	0	
51	3	0	0	0	0	0	0	"АдЭѕжЎюј"	132	0	0	0	0	0	105	38	0	0	0	0	0	0	0	1	0	
52	3	0	0	0	0	0	0	"кЄЭѕжЎюј"	129	0	0	0	0	0	60	15	181	0	0	1	0	0	0	0	0	
59	3	0	0	0	0	0	0	"ЩёЪЅЛ№бцжЎюј"	66	0	0	0	0	0	85	0	0	75	0	0	0	0	0	0	0	
60	3	0	0	0	0	0	0	"БЉЗчЛйУ№жЎюј"	82	0	0	0	0	0	100	0	0	90	0	0	0	0	0	0	0	
61	3	0	0	0	0	0	0	"ЕЖЗцжЎюј"	101	0	0	0	0	0	115	0	0	100	0	0	0	0	0	0	0	
73	3	0	0	0	0	0	0	"ЗяЛъжЎюј"	143	0	0	0	0	0	97	0	0	85	0	0	0	0	0	0	0	
end
//Index	ItemSlot	Skill	X	Y	Serial	Option	Drop	ItemName	ItemLvl	Defense	MagicDefense	Durability	RequiredLvl	Strength	Agility	Energy	Vitality	Command	Type	DW/SM	DK/BK	Elf/ME	MG	DL	SUM
9
0	4	0	0	0	0	0	0	"ЧрЭ­ЛЄЭШ"	15	0	0	0	0	0	80	20	0	0	0	0	1	0	1	1	0	
1	4	0	0	0	0	0	0	"СњЭѕЛЄЭШ"	55	0	0	0	0	0	120	30	0	0	0	0	1	0	1	0	0	
2	4	0	0	0	0	0	0	"ИяЛЄЭШ"	8	0	0	0	0	0	30	0	0	0	0	1	0	0	1	0	0	
3	4	0	0	0	0	0	0	"ДЋЫЕжЎЛЄЭШ"	53	0	0	0	0	0	40	0	0	0	0	1	0	0	1	0	0	
4	4	0	0	0	0	0	0	"їМїУЛЄЭШ"	20	0	0	0	0	0	40	0	0	0	0	1	0	0	1	0	0	
5	4	0	0	0	0	0	0	"ЦЄЛЄЭШ"	8	0	0	0	0	0	80	0	0	0	0	0	1	0	1	1	0	
6	4	0	0	0	0	0	0	"єфДфЛЄЭШ"	25	0	0	0	0	0	110	0	0	0	0	0	1	0	1	1	0	
7	4	0	0	0	0	0	0	"ФЇЭѕжЎЛЄЭШ"	34	0	0	0	0	0	40	0	0	0	0	1	0	0	1	0	0	
8	4	0	0	0	0	0	0	"ЛЦН№ЛЄЭШ"	35	0	0	0	0	0	100	30	0	0	0	0	1	0	1	0	0	
9	4	0	0	0	0	0	0	"АзН№ЛЄЭШ"	45	0	0	0	0	0	130	0	0	0	0	0	1	0	1	0	0	
10	4	0	0	0	0	0	0	"ЬйЛЄЭШ"	8	0	0	0	0	0	30	60	0	0	0	0	0	1	0	0	0	
11	4	0	0	0	0	0	0	"ЬьВЯжЎЛЄЭШ"	18	0	0	0	0	0	30	70	0	0	0	0	0	1	0	0	0	
12	4	0	0	0	0	0	0	"ЗчжЎЛЄЭШ"	30	0	0	0	0	0	30	80	0	0	0	0	0	1	0	0	0	
13	4	0	0	0	0	0	0	"ОЋСщжЎЛЄЭШ"	42	0	0	0	0	0	40	80	0	0	0	0	0	1	0	0	0	
14	4	0	0	0	0	0	0	"ХЎЩёжЎЛЄЭШ"	54	0	0	0	0	0	40	80	0	0	0	0	0	1	0	0	0	
15	4	0	0	0	0	0	0	"бЧЬиРМЕйЫЙжЎЛЄЭШ"	74	0	0	0	0	0	150	70	0	0	0	0	0	0	1	0	0	
16	4	0	0	0	0	0	0	"КкСњЭѕЛЄЭШ"	84	0	0	0	0	0	170	60	0	0	0	0	1	0	0	0	0	
17	4	0	0	0	0	0	0	"КкЗяЛЫЛЄЭШ"	96	0	0	0	0	0	207	63	0	0	0	0	2	0	0	0	0	
18	4	0	0	0	0	0	0	"Л№їшїыЛЄЭШ"	86	0	0	0	0	0	59	20	0	0	0	2	0	0	0	0	0	
19	4	0	0	0	0	0	0	"ЪЅСщЛЄЭШ"	88	0	0	0	0	0	50	110	0	0	0	0	0	2	0	0	0	
20	4	0	0	0	0	0	0	"БМРзЛЄЭШ"	99	0	0	0	0	0	150	70	0	0	0	0	0	0	1	0	0	
21	4	0	0	0	0	0	0	"СњбзЛЄЭШ"	113	0	0	0	0	0	200	58	0	0	0	0	2	0	0	0	0	
22	4	0	0	0	0	0	0	"КкбзЛЄЭШ"	117	0	0	0	0	0	55	18	0	0	0	2	0	0	0	0	0	
23	4	0	0	0	0	0	0	"ФЇЩёЛЄЭШ"	122	0	0	0	0	0	162	66	0	0	0	0	0	0	1	0	0	
24	4	0	0	0	0	0	0	"Кьг№ЛЄЭШ"	100	0	0	0	0	0	52	115	0	0	0	0	0	2	0	0	0	
25	4	0	0	0	0	0	0	"ЪЅдЊЛЄЭШ"	50	0	0	0	0	0	70	20	0	0	0	0	0	0	0	1	0	
26	4	0	0	0	0	0	0	"ЪЅЛъЛЄЭШ"	70	0	0	0	0	0	77	21	0	0	0	0	0	0	0	1	0	
27	4	0	0	0	0	0	0	"ЩёЪЅЛЄЭШ"	92	0	0	0	0	0	84	22	0	0	0	0	0	0	0	1	0	
28	4	0	0	0	0	0	0	"жСз№ЛЄЭШ"	110	0	0	0	0	0	80	21	0	0	0	0	0	0	0	1	0	
29	4	0	0	0	0	0	0	"АЕКкЖЗЩёЛЄЭШ"	134	0	0	0	0	0	170	60	0	0	0	0	2	0	0	0	0	
30	4	0	0	0	0	0	0	"ЗЈЛъаўСщЛЄЭШ"	135	0	0	0	0	0	44	15	0	0	0	2	0	0	0	0	0	
31	4	0	0	0	0	0	0	"зЯСщЛЄЭШ"	135	0	0	0	0	0	38	80	0	0	0	0	0	2	0	0	0	
32	4	0	0	0	0	0	0	"ЬьФЇЖЗЩёЛЄЭШ"	135	0	0	0	0	0	145	60	0	0	0	0	0	0	1	0	0	
33	4	0	0	0	0	0	0	"жцЫЙЛЄЭШ"	140	0	0	0	0	0	62	16	0	0	0	0	0	0	0	1	0	
34	4	0	0	0	0	0	0	"БЉЗчЛЄЭШ"	69	0	0	0	0	0	160	50	0	0	0	0	1	0	0	0	0	
35	4	0	0	0	0	0	0	"ЛУдТЛЄЭШ"	69	0	0	0	0	0	53	12	0	0	0	1	0	0	0	0	0	
36	4	0	0	0	0	0	0	"БЬгАЛЄЭШ"	69	0	0	0	0	0	50	70	0	0	0	0	0	1	0	0	0	
37	4	0	0	0	0	0	0	"СвЛ№ЛЄЭШ"	101	0	0	0	0	0	155	50	0	0	0	0	0	0	1	0	0	
38	4	0	0	0	0	0	0	"ЪЅЙтЛЄЭШ"	101	0	0	0	0	0	80	21	0	0	0	0	0	0	0	1	0	
39	4	0	0	0	0	0	0	"ьЋЗчжЎЛЄЭШ"	30	0	0	0	0	0	36	0	0	0	0	0	0	0	0	0	1	
40	4	0	0	0	0	0	0	"КьвэжЎЛЄЭШ"	53	0	0	0	0	0	35	7	0	0	0	0	0	0	0	0	1	
41	4	0	0	0	0	0	0	"дЖЙХжЎЛЄЭШ"	72	0	0	0	0	0	49	16	0	0	0	0	0	0	0	0	1	
42	4	0	0	0	0	0	0	"ФЇСщжЎЛЄЭШ"	86	0	0	0	0	0	60	20	0	0	0	0	0	0	0	0	2	
43	4	0	0	0	0	0	0	"ЗчгАжЎЛЄЭШ"	117	0	0	0	0	0	57	19	0	0	0	0	0	0	0	0	2	
45	4	0	0	0	0	0	0	"ЬЉЬЙжЎЛЄЭШ"	116	0	0	0	0	0	222	32	0	0	0	0	1	0	0	0	0	
46	4	0	0	0	0	0	0	"гТЦјжЎЛЄЭШ"	112	0	0	0	0	0	74	162	0	0	0	0	1	0	0	0	0	
47	4	0	0	0	0	0	0	"ОоЪЏжЎЛЄЭШ"	115	0	0	0	0	0	212	57	0	0	0	0	0	0	1	0	0	
48	4	0	0	0	0	0	0	"ЦЦУ№жЎЛЄЭШ"	113	0	0	0	0	0	62	19	165	0	0	0	0	0	1	0	0	
49	4	0	0	0	0	0	0	"ПжОхжЎЛЄЭШ"	116	0	0	0	0	0	55	197	0	0	0	0	0	1	0	0	0	
50	4	0	0	0	0	0	0	"СщЙтжЎЛЄЭШ"	109	0	0	0	0	0	32	29	138	0	0	0	0	1	0	0	0	
51	4	0	0	0	0	0	0	"АдЭѕжЎЛЄЭШ"	116	0	0	0	0	0	105	38	0	0	0	0	0	0	0	1	0	
52	4	0	0	0	0	0	0	"кЄЭѕжЎЛЄЭШ"	114	0	0	0	0	0	60	15	181	0	0	1	0	0	0	0	0	
59	4	0	0	0	0	0	0	"ЩёЪЅЛ№бцЛЄЭШ"	62	0	0	0	0	0	85	0	0	75	0	0	0	0	0	0	0	
60	4	0	0	0	0	0	0	"БЉЗчЛйУ№ЛЄЭШ"	78	0	0	0	0	0	100	0	0	90	0	0	0	0	0	0	0	
61	4	0	0	0	0	0	0	"ЕЖЗцЛЄЭШ"	95	0	0	0	0	0	115	0	0	100	0	0	0	0	0	0	0	
73	4	0	0	0	0	0	0	"ЗяЛъЛЄЭШ"	134	0	0	0	0	0	97	0	0	85	0	0	0	0	0	0	0	
end
//Index	ItemSlot	Skill	X	Y	Serial	Option	Drop	ItemName	ItemLvl	Defense	Speed	Durability	RequiredLvl	Strength	Agility	Energy	Vitality	Command	Type	DW/SM	DK/BK	Elf/ME	MG	DL	SUM
10
0	5	0	0	0	0	0	0	"ЧрЭ­ЛЄЪж"	13	0	4	4	0	0	80	20	0	0	0	0	1	0	1	1	0	
1	5	0	0	0	0	0	0	"СњЭѕЛЄЪж"	52	0	14	6	0	0	120	30	0	0	0	0	1	0	1	0	0	
2	5	0	0	0	0	0	0	"ИяЛЄЪж"	3	0	2	0	0	0	20	0	0	0	0	1	0	0	1	0	0	
3	5	0	0	0	0	0	0	"ДЋЫЕжЎЛЄЪж"	44	0	11	0	0	0	20	0	0	0	0	1	0	0	1	0	0	
4	5	0	0	0	0	0	0	"їМїУЛЄЪж"	14	0	5	0	0	0	20	0	0	0	0	1	0	0	1	0	0	
5	5	0	0	0	0	0	0	"ЦЄЛЄЪж"	4	0	2	8	0	0	80	0	0	0	0	0	1	0	1	1	0	
6	5	0	0	0	0	0	0	"єфДфЛЄЪж"	22	0	7	10	0	0	110	0	0	0	0	0	1	0	1	1	0	
7	5	0	0	0	0	0	0	"ФЇЭѕжЎЛЄЪж"	28	0	8	0	0	0	20	0	0	0	0	1	0	0	1	0	0	
8	5	0	0	0	0	0	0	"ЛЦН№ЛЄЪж"	32	0	9	8	0	0	100	30	0	0	0	0	1	0	1	0	0	
9	5	0	0	0	0	0	0	"АзН№ЛЄЪж"	42	0	12	4	0	0	130	0	0	0	0	0	1	0	1	0	0	
10	5	0	0	0	0	0	0	"ЬйЛЄЪж"	4	0	2	4	0	0	30	60	0	0	0	0	0	1	0	0	0	
11	5	0	0	0	0	0	0	"ЬьВЯжЎЛЄЪж"	14	0	4	8	0	0	30	70	0	0	0	0	0	1	0	0	0	
12	5	0	0	0	0	0	0	"ЗчжЎЛЄЪж"	26	0	6	10	0	0	30	80	0	0	0	0	0	1	0	0	0	
13	5	0	0	0	0	0	0	"ОЋСщжЎЛЄЪж"	38	0	9	4	0	0	40	80	0	0	0	0	0	1	0	0	0	
14	5	0	0	0	0	0	0	"ХЎЩёжЎЛЄЪж"	50	0	15	6	0	0	40	80	0	0	0	0	0	1	0	0	0	
15	5	0	0	0	0	0	0	"бЧЬиРМЕйЫЙжЎЛЄЪж"	70	0	20	6	0	0	150	70	0	0	0	0	0	0	1	0	0	
16	5	0	0	0	0	0	0	"КкСњЭѕЛЄЪж"	76	0	22	6	0	0	170	60	0	0	0	0	1	0	0	0	0	
17	5	0	0	0	0	0	0	"КкЗяЛЫЛЄЪж"	86	0	37	6	0	0	205	63	0	0	0	0	2	0	0	0	0	
18	5	0	0	0	0	0	0	"Л№їшїыЛЄЪж"	70	0	20	5	0	0	49	10	0	0	0	2	0	0	0	0	0	
19	5	0	0	0	0	0	0	"ЪЅСщЛЄЪж"	72	0	29	6	0	0	50	110	0	0	0	0	0	2	0	0	0	
20	5	0	0	0	0	0	0	"БМРзЛЄЪж"	88	0	34	7	0	0	150	70	0	0	0	0	0	0	1	0	0	
21	5	0	0	0	0	0	0	"СњбзЛЄЪж"	94	0	48	6	0	0	200	58	0	0	0	0	2	0	0	0	0	
22	5	0	0	0	0	0	0	"КкбзЛЄЪж"	87	0	30	6	0	0	55	18	0	0	0	2	0	0	0	0	0	
23	5	0	0	0	0	0	0	"ФЇЩёЛЄЪж"	102	0	45	7	0	0	162	66	0	0	0	0	0	0	1	0	0	
24	5	0	0	0	0	0	0	"Кьг№ЛЄЪж"	84	0	38	6	0	0	52	115	0	0	0	0	0	2	0	0	0	
25	5	0	0	0	0	0	0	"ЪЅдЊЛЄЪж"	42	0	12	7	0	0	70	20	0	0	0	0	0	0	0	1	0	
26	5	0	0	0	0	0	0	"ЪЅЛъЛЄЪж"	57	0	18	6	0	0	77	21	0	0	0	0	0	0	0	1	0	
27	5	0	0	0	0	0	0	"ЩёЪЅЛЄЪж"	75	0	21	5	0	0	84	22	0	0	0	0	0	0	0	1	0	
28	5	0	0	0	0	0	0	"жСз№ЛЄЪж"	89	0	29	4	0	0	80	21	0	0	0	0	0	0	0	1	0	
29	5	0	0	0	0	0	0	"АЕКкЖЗЩёЛЄЪж"	114	0	60	7	0	0	170	60	0	0	0	0	2	0	0	0	0	
30	5	0	0	0	0	0	0	"ЗЈЛъаўСщЛЄЪж"	111	0	44	7	0	0	44	15	0	0	0	2	0	0	0	0	0	
31	5	0	0	0	0	0	0	"зЯСщЛЄЪж"	111	0	50	7	0	0	38	80	0	0	0	0	0	2	0	0	0	
32	5	0	0	0	0	0	0	"ЬьФЇЖЗЩёЛЄЪж"	127	0	55	7	0	0	145	60	0	0	0	0	0	0	1	0	0	
33	5	0	0	0	0	0	0	"жцЫЙЛЄЪж"	110	0	40	5	0	0	62	16	0	0	0	0	0	0	0	1	0	
34	5	0	0	0	0	0	0	"БЉЗчЛЄЪж"	61	0	18	6	0	0	160	50	0	0	0	0	1	0	0	0	0	
35	5	0	0	0	0	0	0	"ЛУдТЛЄЪж"	61	0	15	6	0	0	53	12	0	0	0	1	0	0	0	0	0	
36	5	0	0	0	0	0	0	"БЬгАЛЄЪж"	61	0	22	6	0	0	50	70	0	0	0	0	0	1	0	0	0	
37	5	0	0	0	0	0	0	"СвЛ№ЛЄЪж"	91	0	27	7	0	0	155	50	0	0	0	0	0	0	1	0	0	
38	5	0	0	0	0	0	0	"ЪЅЙтЛЄЪж"	91	0	25	5	0	0	80	21	0	0	0	0	0	0	0	1	0	
39	5	0	0	0	0	0	0	"ьЋЗчжЎЛЄЪж"	24	0	9	6	0	0	22	0	0	0	0	0	0	0	0	0	1	
40	5	0	0	0	0	0	0	"КьвэжЎЛЄЪж"	44	0	13	8	0	0	18	4	0	0	0	0	0	0	0	0	1	
41	5	0	0	0	0	0	0	"дЖЙХжЎЛЄЪж"	61	0	19	7	0	0	52	16	0	0	0	0	0	0	0	0	1	
42	5	0	0	0	0	0	0	"ФЇСщжЎЛЄЪж"	70	0	26	6	0	0	50	10	0	0	0	0	0	0	0	0	2	
43	5	0	0	0	0	0	0	"ЗчгАжЎЛЄЪж"	87	0	34	6	0	0	56	20	0	0	0	0	0	0	0	0	2	
45	5	0	0	0	0	0	0	"ЬЉЬЙжЎЛЄЪж"	100	0	56	7	0	0	222	32	0	0	0	0	1	0	0	0	0	
46	5	0	0	0	0	0	0	"гТЦјжЎЛЄЪж"	97	0	42	7	0	0	74	162	0	0	0	0	1	0	0	0	0	
47	5	0	0	0	0	0	0	"ОоЪЏжЎЛЄЪж"	101	0	49	7	0	0	212	57	0	0	0	0	0	0	1	0	0	
48	5	0	0	0	0	0	0	"ЦЦУ№жЎЛЄЪж"	99	0	40	7	0	0	62	19	165	0	0	0	0	0	1	0	0	
49	5	0	0	0	0	0	0	"ПжОхжЎЛЄЪж"	100	0	43	7	0	0	55	197	0	0	0	0	0	1	0	0	0	
50	5	0	0	0	0	0	0	"СщЙтжЎЛЄЪж"	95	0	36	7	0	0	32	29	138	0	0	0	0	1	0	0	0	
51	5	0	0	0	0	0	0	"АдЭѕжЎЛЄЪж"	101	0	34	7	0	0	105	38	0	0	0	0	0	0	0	1	0	
52	5	0	0	0	0	0	0	"кЄЭѕжЎЛЄЪж"	100	0	31	7	0	0	60	15	181	0	0	1	0	0	0	0	0	
end
//Index	ItemSlot	Skill	X	Y	Serial	Option	Drop	ItemName	ItemLvl	Defense	WalkSpeed	Durability	RequiredLvl	Strength	Agility	Energy	Vitality	Command	Type	DW/SM	DK/BK	Elf/ME	MG	DL	SUM
11
0	6	0	0	0	0	0	0	"ЧрЭ­бЅ"	12	0	0	0	0	0	80	20	0	0	0	0	1	0	1	1	0	
1	6	0	0	0	0	0	0	"СњЭѕжЎбЅ"	54	0	0	0	0	0	120	30	0	0	0	0	1	0	1	0	0	
2	6	0	0	0	0	0	0	"ИябЅ"	4	0	0	0	0	0	20	0	0	0	0	1	0	0	1	0	0	
3	6	0	0	0	0	0	0	"ДЋЫЕжЎбЅ"	46	0	0	0	0	0	30	0	0	0	0	1	0	0	1	0	0	
4	6	0	0	0	0	0	0	"їМїУбЅ"	16	0	0	0	0	0	30	0	0	0	0	1	0	0	1	0	0	
5	6	0	0	0	0	0	0	"ЦЄбЅ"	5	0	0	0	0	0	80	0	0	0	0	0	1	0	1	1	0	
6	6	0	0	0	0	0	0	"єфДфбЅ"	22	0	0	0	0	0	110	0	0	0	0	0	1	0	1	1	0	
7	6	0	0	0	0	0	0	"ФЇЭѕжЎбЅ"	30	0	0	0	0	0	30	0	0	0	0	1	0	0	1	0	0	
8	6	0	0	0	0	0	0	"ЛЦН№бЅ"	32	0	0	0	0	0	100	30	0	0	0	0	1	0	1	0	0	
9	6	0	0	0	0	0	0	"АзН№бЅ"	42	0	0	0	0	0	130	0	0	0	0	0	1	0	1	0	0	
10	6	0	0	0	0	0	0	"ЬйбЅ"	5	0	0	0	0	0	30	60	0	0	0	0	0	1	0	0	0	
11	6	0	0	0	0	0	0	"ЬьВЯжЎбЅ"	15	0	0	0	0	0	30	70	0	0	0	0	0	1	0	0	0	
12	6	0	0	0	0	0	0	"ЗчжЎбЅ"	27	0	0	0	0	0	30	80	0	0	0	0	0	1	0	0	0	
13	6	0	0	0	0	0	0	"ОЋСщжЎбЅ"	40	0	0	0	0	0	40	80	0	0	0	0	0	1	0	0	0	
14	6	0	0	0	0	0	0	"ХЎЩёжЎбЅ"	52	0	0	0	0	0	40	80	0	0	0	0	0	1	0	0	0	
15	6	0	0	0	0	0	0	"бЧЬиРМЕйЫЙжЎбЅ"	72	0	0	0	0	0	150	70	0	0	0	0	0	0	1	0	0	
16	6	0	0	0	0	0	0	"КкСњЭѕжЎбЅ"	78	0	0	0	0	0	170	60	0	0	0	0	1	0	0	0	0	
17	6	0	0	0	0	0	0	"КкЗяЛЫжЎбЅ"	93	0	0	0	0	0	198	60	0	0	0	0	2	0	0	0	0	
18	6	0	0	0	0	0	0	"Л№їшїыжЎбЅ"	76	0	0	0	0	0	59	10	0	0	0	2	0	0	0	0	0	
19	6	0	0	0	0	0	0	"ЪЅСщжЎбЅ"	81	0	0	0	0	0	50	110	0	0	0	0	0	2	0	0	0	
20	6	0	0	0	0	0	0	"БМРзжЎбЅ"	92	0	0	0	0	0	150	70	0	0	0	0	0	0	1	0	0	
21	6	0	0	0	0	0	0	"СњбзжЎбЅ"	98	0	0	0	0	0	200	58	0	0	0	0	2	0	0	0	0	
22	6	0	0	0	0	0	0	"КкбзжЎбЅ"	95	0	0	0	0	0	55	18	0	0	0	2	0	0	0	0	0	
23	6	0	0	0	0	0	0	"ФЇЩёжЎбЅ"	110	0	0	0	0	0	162	66	0	0	0	0	0	0	1	0	0	
24	6	0	0	0	0	0	0	"Кьг№жЎбЅ"	87	0	0	0	0	0	52	115	0	0	0	0	0	2	0	0	0	
25	6	0	0	0	0	0	0	"ЪЅдЊжЎбЅ"	45	0	0	0	0	0	70	20	0	0	0	0	0	0	0	1	0	
26	6	0	0	0	0	0	0	"ЪЅЛъжЎбЅ"	60	0	0	0	0	0	77	21	0	0	0	0	0	0	0	1	0	
27	6	0	0	0	0	0	0	"ЩёЪЅжЎбЅ"	83	0	0	0	0	0	84	22	0	0	0	0	0	0	0	1	0	
28	6	0	0	0	0	0	0	"жСз№жЎбЅ"	95	0	0	0	0	0	80	21	0	0	0	0	0	0	0	1	0	
29	6	0	0	0	0	0	0	"АЕКкЖЗЩёжЎбЅ"	119	0	0	0	0	0	170	60	0	0	0	0	2	0	0	0	0	
30	6	0	0	0	0	0	0	"ЗЈЛъаўСщжЎбЅ"	119	0	0	0	0	0	44	15	0	0	0	2	0	0	0	0	0	
31	6	0	0	0	0	0	0	"зЯСщжЎбЅ"	119	0	0	0	0	0	38	80	0	0	0	0	0	2	0	0	0	
32	6	0	0	0	0	0	0	"ЬьФЇЖЗЩёжЎбЅ"	131	0	0	0	0	0	145	60	0	0	0	0	0	0	1	0	0	
33	6	0	0	0	0	0	0	"жцЫЙжЎбЅ"	121	0	0	0	0	0	62	16	0	0	0	0	0	0	0	1	0	
34	6	0	0	0	0	0	0	"БЉЗчжЎбЅ"	68	0	0	0	0	0	160	50	0	0	0	0	1	0	0	0	0	
35	6	0	0	0	0	0	0	"ЛУдТжЎбЅ"	68	0	0	0	0	0	53	12	0	0	0	1	0	0	0	0	0	
36	6	0	0	0	0	0	0	"БЬгАжЎбЅ"	68	0	0	0	0	0	50	70	0	0	0	0	0	1	0	0	0	
37	6	0	0	0	0	0	0	"СвЛ№жЎбЅ"	98	0	0	0	0	0	155	50	0	0	0	0	0	0	1	0	0	
38	6	0	0	0	0	0	0	"ЪЅЙтжЎбЅ"	98	0	0	0	0	0	80	21	0	0	0	0	0	0	0	1	0	
39	6	0	0	0	0	0	0	"ьЋЗчжЎбЅ"	26	0	0	0	0	0	27	0	0	0	0	0	0	0	0	0	1	
40	6	0	0	0	0	0	0	"КьвэжЎбЅ"	46	0	0	0	0	0	25	4	0	0	0	0	0	0	0	0	1	
41	6	0	0	0	0	0	0	"дЖЙХжЎбЅ"	65	0	0	0	0	0	53	16	0	0	0	0	0	0	0	0	1	
42	6	0	0	0	0	0	0	"ФЇСщжЎбЅ"	76	0	0	0	0	0	60	10	0	0	0	0	0	0	0	0	2	
43	6	0	0	0	0	0	0	"ЗчгАжЎбЅ"	95	0	0	0	0	0	57	20	0	0	0	0	0	0	0	0	2	
45	6	0	0	0	0	0	0	"ЬЉЬЙжЎбЅ"	96	0	0	0	0	0	222	32	0	0	0	0	1	0	0	0	0	
46	6	0	0	0	0	0	0	"гТЦјжЎбЅ"	93	0	0	0	0	0	74	162	0	0	0	0	1	0	0	0	0	
47	6	0	0	0	0	0	0	"ОоЪЏжЎбЅ"	97	0	0	0	0	0	212	57	0	0	0	0	0	0	1	0	0	
48	6	0	0	0	0	0	0	"ЦЦУ№жЎбЅ"	94	0	0	0	0	0	62	19	165	0	0	0	0	0	1	0	0	
49	6	0	0	0	0	0	0	"ПжОхжЎбЅ"	97	0	0	0	0	0	55	197	0	0	0	0	0	1	0	0	0	
50	6	0	0	0	0	0	0	"СщЙтжЎбЅ"	92	0	0	0	0	0	32	29	138	0	0	0	0	1	0	0	0	
51	6	0	0	0	0	0	0	"АдЭѕжЎбЅ"	98	0	0	0	0	0	105	38	0	0	0	0	0	0	0	1	0	
52	6	0	0	0	0	0	0	"кЄЭѕжЎбЅ"	94	0	0	0	0	0	60	15	181	0	0	1	0	0	0	0	0	
59	6	0	0	0	0	0	0	"ЩёЪЅЛ№бцжЎбЅ"	50	0	0	0	0	0	85	0	0	75	0	0	0	0	0	0	0	
60	6	0	0	0	0	0	0	"БЉЗчЛйУ№жЎбЅ"	62	0	0	0	0	0	100	0	0	90	0	0	0	0	0	0	0	
61	6	0	0	0	0	0	0	"ЕЖЗцжЎбЅ"	82	0	0	0	0	0	115	0	0	100	0	0	0	0	0	0	0	
73	6	0	0	0	0	0	0	"ЗяЛъжЎбЅ"	119	0	0	0	0	0	97	0	0	85	0	0	0	0	0	0	0	
end
//Index	ItemSlot	Skill	X	Y	Serial	Option	Drop	ItemName	ItemLvl	Defense	Durability	RequiredLvl	Energy	Strength	Agility	Command	Zen	DW/SM	DK/BK	Elf/ME	MG	DL	SUM
12
0	7	0	0	0	0	0	0	"ОЋСщжЎвэ"	100	0	0	0	0	0	0	0	0	0	0	1	0	0	0	
1	7	0	0	0	0	0	0	"ЬьЪЙжЎвэ"	100	0	0	0	0	0	0	0	0	1	0	0	1	0	0	
2	7	0	0	0	0	0	0	"ЖёФЇжЎвэ"	100	0	0	0	0	0	0	0	0	0	1	0	1	0	0	
3	7	0	0	0	0	0	0	"ЪЅСщжЎвэ"	150	0	0	0	0	0	0	0	0	0	0	2	0	0	0	
4	7	0	0	0	0	0	0	"ФЇЛъжЎвэ"	150	0	0	0	0	0	0	0	0	2	0	0	0	0	0	
5	7	0	0	0	0	0	0	"ЗЩСњжЎвэ"	150	0	0	0	0	0	0	0	0	0	2	0	0	0	0	
6	7	0	0	0	0	0	0	"АЕКкжЎвэ"	150	0	0	0	0	0	0	0	0	0	0	0	1	0	0	
7	7	0	0	0	0	0	0	"ХљіЈЛиа§еЖжЎЪЏ"	47	0	0	0	0	0	0	0	29000	0	1	0	1	0	0	
8	8	0	0	0	0	0	0	"жЮСЦжЎЪЏ"	8	0	0	0	0	0	0	0	800	0	0	1	0	0	0	
9	9	0	0	0	0	0	0	"ЗРгљжЎЪЏ"	13	0	0	0	0	0	0	0	3000	0	0	1	0	0	0	
10	10	0	0	0	0	0	0	"ЙЅЛїжЎЪЏ"	18	0	0	0	0	0	0	0	7000	0	0	1	0	0	0	
11	11	0	0	0	0	0	0	"ейЛНжЎЪЏ"	3	0	0	0	0	0	0	0	150	0	0	1	0	0	0	
12	12	0	0	0	0	0	0	"РзіЊСбЩСжЎЪЏ"	78	0	0	0	0	0	0	0	150000	0	2	0	0	0	0	
13	13	0	0	0	0	0	0	"зъдЦЧЙжЎЪЏ"	20	0	0	0	0	0	0	0	10000	0	1	0	1	0	0	
14	14	0	0	0	0	0	0	"ЩњУќжЎЙтжЎЪЏ"	60	0	0	0	0	0	0	0	43000	0	1	0	0	0	0	
15	15	0	0	0	0	0	0	"ТъбХжЎЪЏ"	12	0	0	0	0	0	0	0	0	1	1	1	1	1	0	
16	16	0	0	0	0	0	0	"аўдТеЖжЎЪЏ"	60	0	0	0	0	0	320	0	51000	0	0	0	1	0	0	
17	17	0	0	0	0	0	0	"ДЉЭИМ§жЎЪЏ"	64	0	0	0	0	0	0	0	72000	0	0	1	0	0	0	
18	18	0	0	0	0	0	0	"БљЗтМ§жЎЪЏ"	81	0	0	0	258	0	0	0	195000	0	0	2	0	0	0	
19	19	0	0	0	0	0	0	"ЯЎЗчДЬжЎЪЏ"	72	0	0	0	0	0	0	0	85000	0	2	0	0	0	0	
21	21	0	0	0	0	0	0	"аЧдЦЛ№СДОэжс"	74	0	0	0	0	0	0	0	115000	0	0	0	0	1	0	
22	22	0	0	0	0	0	0	"аЧдЦейЛНОэжс"	98	0	0	400	0	0	0	0	375000	0	0	0	0	1	0	
23	23	0	0	0	0	0	0	"жТУќЪЅгЁОэжс"	82	0	0	300	0	0	0	0	220000	0	0	0	0	1	0	
24	24	0	0	0	0	0	0	"ЪЅМЋЙтОэжс"	92	0	0	340	0	0	0	0	295000	0	0	0	0	1	0	
26	26	0	0	0	0	0	0	"ЩёУижщзг"	0	0	0	0	0	0	0	0	0	1	1	1	1	1	1	
30	30	0	0	0	0	0	0	"зЃИЃБІЪЏзщКЯ"	25	0	0	0	0	0	0	0	0	1	1	1	1	1	1	
31	31	0	0	0	0	0	0	"СщЛъБІЪЏзщКЯ"	30	0	0	0	0	0	0	0	0	1	1	1	1	1	1	
32	32	0	0	0	0	0	0	"КьЩЋЪЅЕЎЯф"	0	0	0	0	0	0	0	0	0	1	1	1	1	1	1	
33	33	0	0	0	0	0	0	"ТЬЩЋЪЅЕЎЯф"	0	0	0	0	0	0	0	0	0	1	1	1	1	1	1	
34	34	0	0	0	0	0	0	"РЖЩЋЪЅЕЎЯф"	0	0	0	0	0	0	0	0	0	1	1	1	1	1	1	
35	35	0	0	0	0	0	0	"Л№Юша§ЗчОэжс"	102	0	0	70	0	0	0	0	300000	0	0	0	0	1	0	
36	7	0	0	0	0	0	0	"БЉЗчжЎвэ"	150	0	0	0	0	0	0	0	0	0	3	0	0	0	0	
37	7	0	0	0	0	0	0	"ЪБПежЎвэ"	150	0	0	0	0	0	0	0	0	3	0	0	0	0	0	
38	7	0	0	0	0	0	0	"ЛУгАжЎвэ"	150	0	0	0	0	0	0	0	0	0	0	3	0	0	0	
39	7	0	0	0	0	0	0	"ЦЦУ№жЎвэ"	150	0	0	0	0	0	0	0	0	0	0	0	3	0	0	
40	7	0	0	0	0	0	0	"ЕлЭѕХћЗч"	150	0	0	0	0	0	0	0	0	0	0	0	0	3	0	
41	7	0	0	0	0	0	0	"джФбжЎвэ"	100	0	0	0	0	0	0	0	0	0	0	0	0	0	1	
42	7	0	0	0	0	0	0	"ОјЭћжЎвэ"	150	0	0	0	0	0	0	0	0	0	0	0	0	0	2	
43	7	0	0	0	0	0	0	"ДЮдЊжЎвэ"	150	0	0	0	0	0	0	0	0	0	0	0	0	0	3	
44	44	0	0	0	0	0	0	"ЦЦЛЕвЛЛїжЎЪЏ"	100	0	0	0	0	0	0	0	380000	0	2	0	0	0	0	
45	45	0	0	0	0	0	0	"ЮхжиМ§жЎЪЏ"	100	0	0	0	0	0	0	0	380000	0	0	2	0	0	0	
46	46	0	0	0	0	0	0	"ЗРЛЄжЕЛжИДжЎЪЏ"	100	0	0	0	0	0	0	0	250000	0	0	2	0	0	0	
47	47	0	0	0	0	0	0	"Л№НЃЯЎжЎЪЏ"	100	0	0	0	0	0	0	0	380000	0	0	0	1	0	0	
48	48	0	0	0	0	0	0	"КкАЕжЎСІОэжс"	100	0	0	0	0	0	0	0	380000	0	0	0	0	1	0	
49	7	0	0	0	0	0	0	"ЮфепХћЗч"	180	0	0	0	0	0	0	0	0	0	0	0	0	0	0	
50	7	0	0	0	0	0	0	"ЖЗЛЪХћЗч"	150	0	0	0	0	0	0	0	0	0	0	0	0	0	0	
60	60	0	0	0	0	0	0	"гЋжЎЪЏЃЈЛ№ЃЉ"	150	0	0	0	0	0	0	0	500000	1	1	1	1	1	1	
61	61	0	0	0	0	0	0	"гЋжЎЪЏЃЈЫЎЃЉ"	150	0	0	0	0	0	0	0	500000	1	1	1	1	1	1	
62	62	0	0	0	0	0	0	"гЋжЎЪЏЃЈБљЃЉ"	150	0	0	0	0	0	0	0	500000	1	1	1	1	1	1	
63	63	0	0	0	0	0	0	"гЋжЎЪЏЃЈЗчЃЉ"	150	0	0	0	0	0	0	0	500000	1	1	1	1	1	1	
64	64	0	0	0	0	0	0	"гЋжЎЪЏЃЈРзЃЉ"	150	0	0	0	0	0	0	0	500000	1	1	1	1	1	1	
65	65	0	0	0	0	0	0	"гЋжЎЪЏЃЈЭСЃЉ"	150	0	0	0	0	0	0	0	500000	1	1	1	1	1	1	
70	70	0	0	0	0	0	0	"ЙтжЎЪЏЃЈвЛЃЉ"	102	0	0	0	0	0	0	0	100000	1	1	1	1	1	1	
71	71	0	0	0	0	0	0	"ЙтжЎЪЏЃЈЖўЃЉ"	122	0	0	0	0	0	0	0	150000	1	1	1	1	1	1	
72	72	0	0	0	0	0	0	"ЙтжЎЪЏЃЈШ§ЃЉ"	132	0	0	0	0	0	0	0	200000	1	1	1	1	1	1	
100	100	0	0	0	0	0	0	"гЋЙтБІЪЏЃЈЛ№ЃЉ"	1	0	0	0	0	0	0	0	1050000	1	1	1	1	1	1	
101	101	0	0	0	0	0	0	"гЋЙтБІЪЏЃЈЫЎЃЉ"	1	0	0	0	0	0	0	0	1050000	1	1	1	1	1	1	
102	102	0	0	0	0	0	0	"гЋЙтБІЪЏЃЈБљЃЉ"	1	0	0	0	0	0	0	0	1050000	1	1	1	1	1	1	
103	103	0	0	0	0	0	0	"гЋЙтБІЪЏЃЈЗчЃЉ"	1	0	0	0	0	0	0	0	1050000	1	1	1	1	1	1	
104	104	0	0	0	0	0	0	"гЋЙтБІЪЏЃЈРзЃЉ"	1	0	0	0	0	0	0	0	1050000	1	1	1	1	1	1	
105	105	0	0	0	0	0	0	"гЋЙтБІЪЏЃЈЭСЃЉ"	1	0	0	0	0	0	0	0	1050000	1	1	1	1	1	1	
106	106	0	0	0	0	0	0	"гЋЙтБІЪЏЃЈЛ№ЃЉ"	2	0	0	0	0	0	0	0	1125000	1	1	1	1	1	1	
107	107	0	0	0	0	0	0	"гЋЙтБІЪЏЃЈЫЎЃЉ"	2	0	0	0	0	0	0	0	1125000	1	1	1	1	1	1	
108	108	0	0	0	0	0	0	"гЋЙтБІЪЏЃЈБљЃЉ"	2	0	0	0	0	0	0	0	1125000	1	1	1	1	1	1	
109	109	0	0	0	0	0	0	"гЋЙтБІЪЏЃЈЗчЃЉ"	2	0	0	0	0	0	0	0	1125000	1	1	1	1	1	1	
110	110	0	0	0	0	0	0	"гЋЙтБІЪЏЃЈРзЃЉ"	2	0	0	0	0	0	0	0	1125000	1	1	1	1	1	1	
111	111	0	0	0	0	0	0	"гЋЙтБІЪЏЃЈЭСЃЉ"	2	0	0	0	0	0	0	0	1125000	1	1	1	1	1	1	
112	112	0	0	0	0	0	0	"гЋЙтБІЪЏЃЈЛ№ЃЉ"	3	0	0	0	0	0	0	0	1200000	1	1	1	1	1	1	
113	113	0	0	0	0	0	0	"гЋЙтБІЪЏЃЈЫЎЃЉ"	3	0	0	0	0	0	0	0	1200000	1	1	1	1	1	1	
114	114	0	0	0	0	0	0	"гЋЙтБІЪЏЃЈБљЃЉ"	3	0	0	0	0	0	0	0	1200000	1	1	1	1	1	1	
115	115	0	0	0	0	0	0	"гЋЙтБІЪЏЃЈЗчЃЉ"	3	0	0	0	0	0	0	0	1200000	1	1	1	1	1	1	
116	116	0	0	0	0	0	0	"гЋЙтБІЪЏЃЈРзЃЉ"	3	0	0	0	0	0	0	0	1200000	1	1	1	1	1	1	
117	117	0	0	0	0	0	0	"гЋЙтБІЪЏЃЈЭСЃЉ"	3	0	0	0	0	0	0	0	1200000	1	1	1	1	1	1	
118	118	0	0	0	0	0	0	"гЋЙтБІЪЏЃЈЛ№ЃЉ"	4	0	0	0	0	0	0	0	1275000	1	1	1	1	1	1	
119	119	0	0	0	0	0	0	"гЋЙтБІЪЏЃЈЫЎЃЉ"	4	0	0	0	0	0	0	0	1275000	1	1	1	1	1	1	
120	120	0	0	0	0	0	0	"гЋЙтБІЪЏЃЈБљЃЉ"	4	0	0	0	0	0	0	0	1275000	1	1	1	1	1	1	
121	121	0	0	0	0	0	0	"гЋЙтБІЪЏЃЈЗчЃЉ"	4	0	0	0	0	0	0	0	1275000	1	1	1	1	1	1	
122	122	0	0	0	0	0	0	"гЋЙтБІЪЏЃЈРзЃЉ"	4	0	0	0	0	0	0	0	1275000	1	1	1	1	1	1	
123	123	0	0	0	0	0	0	"гЋЙтБІЪЏЃЈЭСЃЉ"	4	0	0	0	0	0	0	0	1275000	1	1	1	1	1	1	
124	124	0	0	0	0	0	0	"гЋЙтБІЪЏЃЈЛ№ЃЉ"	5	0	0	0	0	0	0	0	1350000	1	1	1	1	1	1	
125	125	0	0	0	0	0	0	"гЋЙтБІЪЏЃЈЫЎЃЉ"	5	0	0	0	0	0	0	0	1350000	1	1	1	1	1	1	
126	126	0	0	0	0	0	0	"гЋЙтБІЪЏЃЈБљЃЉ"	5	0	0	0	0	0	0	0	1350000	1	1	1	1	1	1	
127	127	0	0	0	0	0	0	"гЋЙтБІЪЏЃЈЗчЃЉ"	5	0	0	0	0	0	0	0	1350000	1	1	1	1	1	1	
128	-128	0	0	0	0	0	0	"гЋЙтБІЪЏЃЈРзЃЉ"	5	0	0	0	0	0	0	0	1350000	1	1	1	1	1	1	
129	-127	0	0	0	0	0	0	"гЋЙтБІЪЏЃЈЭСЃЉ"	5	0	0	0	0	0	0	0	1350000	1	1	1	1	1	1	
130	7	0	0	0	0	0	0	"аЁЭѕепХћЗч"	1	0	0	0	0	0	0	0	0	0	0	0	0	1	0	
131	7	0	0	0	0	0	0	"аЁджФбжЎвэ"	1	0	0	0	0	0	0	0	0	0	0	0	0	0	1	
132	7	0	0	0	0	0	0	"аЁОЋСщжЎвэ"	1	0	0	0	0	0	0	0	0	0	0	1	0	0	0	
133	7	0	0	0	0	0	0	"аЁЬьЪЙжЎвэ"	1	0	0	0	0	0	0	0	0	1	0	0	1	0	0	
134	7	0	0	0	0	0	0	"аЁЖёФЇжЎвэ"	1	0	0	0	0	0	0	0	0	0	1	0	1	0	0	
135	7	0	0	0	0	0	0	"аЁЮфепХћЗч"	1	0	0	0	0	0	0	0	0	0	0	0	0	0	0	
136	-120	0	0	0	0	0	0	"ЩњУќБІЪЏзщКЯ"	72	0	0	0	0	0	0	0	0	1	1	1	1	1	1	
137	-119	0	0	0	0	0	0	"ДДдьБІЪЏзщКЯ"	78	0	0	0	0	0	0	0	0	1	1	1	1	1	1	
138	-118	0	0	0	0	0	0	"ЪиЛЄБІЪЏзщКЯ"	0	0	0	0	0	0	0	0	0	1	1	1	1	1	1	
139	-117	0	0	0	0	0	0	"дйЩњд­ЪЏзщКЯ"	0	0	0	0	0	0	0	0	0	1	1	1	1	1	1	
140	-116	0	0	0	0	0	0	"дйЩњБІЪЏзщКЯ"	25	0	0	0	0	0	0	0	0	1	1	1	1	1	1	
141	-115	0	0	0	0	0	0	"ТъбХБІЪЏзщКЯ"	12	0	0	0	0	0	0	0	0	1	1	1	1	1	1	
142	-114	0	0	0	0	0	0	"ГѕМЖНјЛЏБІЪЏзщКЯ"	25	0	0	0	0	0	0	0	0	1	1	1	1	1	1	
143	-113	0	0	0	0	0	0	"ИпМЖНјЛЏБІЪЏзщКЯ"	25	0	0	0	0	0	0	0	0	1	1	1	1	1	1	
204	7	0	0	0	0	0	0	"ВдёЗжЎвэ"	149	0	0	0	0	0	0	0	0	3	0	0	0	0	0	
205	7	0	0	0	0	0	0	"Л№ЩёжЎвэ"	149	0	0	0	0	0	0	0	0	0	3	0	0	0	0	
206	7	0	0	0	0	0	0	"ЬьЬхжЎвэ"	149	0	0	0	0	0	0	0	0	0	0	3	0	0	0	
207	7	0	0	0	0	0	0	"У№ЭіжЎвэ"	149	0	0	0	0	0	0	0	0	0	0	0	3	0	0	
208	7	0	0	0	0	0	0	"жїдзХћЗч"	149	0	0	0	0	0	0	0	0	0	0	0	0	3	0	
209	7	0	0	0	0	0	0	"вьНчжЎвэ"	149	0	0	0	0	0	0	0	0	0	0	0	0	0	3	
210	7	0	0	0	0	0	0	"ЩѓХаХћЗч"	149	0	0	0	0	0	0	0	0	0	0	0	0	0	0	
215	7	0	0	0	0	0	0	"ЗЩвэжЎЦь"	1	0	0	0	0	0	0	0	0	1	1	1	1	1	1	
end
//Index	ItemSlot	Skill	X	Y	Serial	Option	Drop	ItemName	ItemLvl	Durability	Ice	Poison	Lightening	Fire	Earth	Wind	Water	Type	DW/SM	DK/BK	Elf/ME	MG	DL	SUM
13
0	8	0	0	0	0	0	0	"ЪиЛЄЬьЪЙ"	23	0	1	0	0	0	0	0	0	0	1	1	1	1	1	1	
1	8	0	0	0	0	0	0	"аЁЖёФЇ"	28	0	1	0	0	0	0	0	0	0	1	1	1	1	1	1	
2	8	0	0	0	0	0	0	"ЪоНЧ"	25	0	1	0	0	0	0	0	0	0	1	1	1	1	1	1	
3	8	0	49	0	0	0	0	"ВЪдЦЪо"	110	0	1	0	0	0	0	0	0	0	1	1	1	1	1	1	
4	8	0	62	0	0	0	0	"КкЭѕТэжЎНЧ"	218	0	0	0	0	0	0	0	0	0	0	0	0	0	1	0	
5	1	0	0	0	0	0	0	"ЬьгЅжЎзІ"	0	0	0	0	0	0	0	0	0	0	0	0	0	0	1	0	
7	7	0	0	0	0	0	0	"ейЛНгЖБј"	0	0	1	0	0	0	0	0	0	0	1	1	1	1	1	1	
8	10	0	0	0	0	0	0	"БљжЎжИЛЗ"	20	0	1	1	0	0	0	0	0	0	1	1	1	1	1	1	
9	10	0	0	0	0	0	0	"ЖОжЎжИЛЗ"	17	0	1	0	1	0	0	0	0	0	1	1	1	1	1	1	
10	10	0	0	0	0	0	0	"БфЩэНфжИ"	0	0	1	0	0	0	0	0	0	0	1	1	1	1	1	1	
11	11	0	0	0	0	0	0	"ИДЛюЪЏ"	0	0	1	0	0	0	0	0	0	0	1	1	1	1	1	1	
12	9	0	0	0	0	0	0	"РзжЎЯюСД"	21	0	1	0	0	1	0	0	0	0	1	1	1	1	1	1	
13	9	0	0	0	0	0	0	"Л№жЎЯюСД"	13	0	1	0	0	0	1	0	0	0	1	1	1	1	1	1	
14	14	0	0	0	0	0	0	"ТхПЫжЎг№"	78	0	1	0	0	0	0	0	0	0	1	1	1	1	1	1	
15	15	0	0	0	0	0	0	"ТъбХБІЪЏ"	0	0	1	0	0	0	0	0	0	0	1	1	1	1	1	1	
16	16	0	0	0	0	0	0	"бЊСщжЎЪщ"	0	0	1	0	0	0	0	0	0	0	1	1	1	1	1	1	
17	17	0	0	0	0	0	0	"бЊСщжЎїМ"	0	0	1	0	0	0	0	0	0	0	1	1	1	1	1	1	
18	18	0	0	0	0	0	0	"ЭИУїХћЗч"	0	0	1	0	0	0	0	0	0	0	1	1	1	1	1	1	
19	19	0	0	0	0	0	0	"ДѓЬьЪЙЕФЮфЦї"	0	0	1	0	0	0	0	0	0	0	1	1	1	1	1	1	
20	10	0	0	0	0	0	0	"ФЇЗЈНфжИ"	0	0	1	0	0	0	0	0	0	0	1	1	1	1	1	1	
21	10	0	0	0	0	0	0	"Л№жЎжИЛЗ"	30	0	1	0	0	0	1	0	0	0	1	1	1	1	1	1	
22	10	0	0	0	0	0	0	"ЕижЎжИЛЗ"	38	0	1	0	0	0	0	1	0	0	1	1	1	1	1	1	
23	10	0	0	0	0	0	0	"ЗчжЎжИЛЗ"	44	0	1	0	0	0	0	0	1	0	1	1	1	1	1	1	
24	10	0	0	0	0	0	0	"ФЇжЎжИЛЗ"	47	0	1	0	0	0	0	0	0	0	1	1	1	1	1	1	
25	9	0	0	0	0	0	0	"БљжЎЯюСД"	34	0	1	1	0	0	0	0	0	0	1	1	1	1	1	1	
26	9	0	0	0	0	0	0	"ЗчжЎЯюСД"	42	0	1	0	0	0	0	0	1	0	1	1	1	1	1	1	
27	9	0	0	0	0	0	0	"ЫЎжЎЯюСД"	46	0	1	0	0	0	0	0	0	0	1	1	1	1	1	1	
28	9	0	0	0	0	0	0	"зЯОЇЯюСД"	50	0	1	0	0	0	0	0	0	0	1	1	1	1	1	1	
29	29	0	0	0	0	0	0	"ЮРБјюјМз"	0	0	1	0	0	0	0	0	0	0	1	1	1	1	1	1	
30	7	0	0	0	0	0	0	"ЭѕепХћЗч"	180	0	0	0	0	0	0	0	0	0	0	0	0	0	1	0	
31	31	0	0	0	0	0	0	"ЪожЎСщЛъ"	0	0	0	0	0	0	0	0	0	0	0	0	0	0	1	0	
32	32	0	0	0	0	0	0	"ЦЦРУЕФюјМзЦЌ"	0	0	1	0	0	0	0	0	0	0	1	1	1	1	1	1	
33	33	0	0	0	0	0	0	"ХЎЩёЕФСщжЧ"	0	0	1	0	0	0	0	0	0	0	1	1	1	1	1	1	
34	34	0	0	0	0	0	0	"УЭЪоЕФНХМз"	0	0	1	0	0	0	0	0	0	0	1	1	1	1	1	1	
35	35	0	0	0	0	0	0	"ЫщНЧЦЌ"	0	0	1	0	0	0	0	0	0	0	1	1	1	1	1	1	
36	36	0	0	0	0	0	0	"елЖЯЕФНЧ"	0	0	1	0	0	0	0	0	0	0	1	1	1	1	1	1	
37	8	0	0	0	0	0	0	"бзРЧЪожЎНЧ"	300	0	1	0	0	0	0	0	0	0	2	2	2	1	1	2	
38	10	0	0	0	0	0	0	"аќЪЏ"	21	0	1	0	0	0	0	0	0	0	1	1	1	1	1	1	
39	10	0	0	0	0	0	0	"їМїУеНЪПБфЩэжИЛЗ"	10	0	1	0	0	0	0	0	0	0	1	1	1	1	1	1	
40	10	0	0	0	0	0	0	"ФЯЙЯЕЦБфЩэжИЛЗ"	10	0	1	0	0	0	0	0	0	0	1	1	1	1	1	1	
41	10	0	0	0	0	0	0	"ЪЅЕЎБфЩэжИЛЗ"	1	0	1	0	0	0	0	0	0	0	1	1	1	1	1	1	
42	10	0	0	0	0	0	0	"GMБфЩэжИЛЗ"	0	0	1	255	255	255	255	255	255	0	1	1	1	1	1	1	
43	10	0	0	0	0	0	0	"О­бщгЁеТ"	0	0	1	0	0	0	0	0	0	0	1	1	1	1	1	1	
44	10	0	0	0	0	0	0	"ЩёЪЅгЁеТ"	0	0	1	0	0	0	0	0	0	0	1	1	1	1	1	1	
45	10	0	0	0	0	0	0	"ЙБЯзгЁеТ"	0	0	1	0	0	0	0	0	0	0	1	1	1	1	1	1	
46	46	0	0	0	0	0	0	"ЖёФЇЙуГЁздгЩШыГЁШЏ"	0	0	1	0	0	0	0	0	0	0	1	1	1	1	1	1	
47	47	0	0	0	0	0	0	"бЊЩЋГЧБЄздгЩШыГЁШЏ"	0	0	1	0	0	0	0	0	0	0	1	1	1	1	1	1	
48	48	0	0	0	0	0	0	"ПЈРћТъздгЩШыГЁШЏ"	0	0	1	0	0	0	0	0	0	0	1	1	1	1	1	1	
49	49	0	0	0	0	0	0	"ОЩОэжН"	0	0	1	0	0	0	0	0	0	0	1	1	1	1	1	1	
50	50	0	0	0	0	0	0	"ЛУгАНЬвЉЫЎ"	0	0	1	0	0	0	0	0	0	0	1	1	1	1	1	1	
51	51	0	0	0	0	0	0	"бЊЕФОэжН"	0	0	1	0	0	0	0	0	0	0	1	1	1	1	1	1	
52	52	0	0	0	0	0	0	"ЩёгЅЛ№жж"	0	0	1	0	0	0	0	0	0	0	1	1	1	1	1	1	
53	53	0	0	0	0	0	0	"ЩёгЅжЎг№"	0	0	1	0	0	0	0	0	0	0	1	1	1	1	1	1	
54	54	0	0	0	0	0	0	"СІСПЯДЕуЙћЪЕ"	0	0	1	0	0	0	0	0	0	0	1	1	1	1	1	1	
55	55	0	0	0	0	0	0	"УєНнЯДЕуЙћЪЕ"	0	0	1	0	0	0	0	0	0	0	1	1	1	1	1	1	
56	56	0	0	0	0	0	0	"ЬхСІЯДЕуЙћЪЕ"	0	0	1	0	0	0	0	0	0	0	1	1	1	1	1	1	
57	57	0	0	0	0	0	0	"жЧСІЯДЕуЙћЪЕ"	0	0	1	0	0	0	0	0	0	0	1	1	1	1	1	1	
58	58	0	0	0	0	0	0	"ЭГТЪЯДЕуЙћЪЕ"	0	0	1	0	0	0	0	0	0	0	1	1	1	1	1	1	
59	59	0	0	0	0	0	0	"вЦЖЏгЁеТ"	0	0	1	0	0	0	0	0	0	0	1	1	1	1	1	1	
60	60	0	0	0	0	0	0	"УтзяЗћ"	0	0	1	0	0	0	0	0	0	0	1	1	1	1	1	1	
61	61	0	0	0	0	0	0	"ЛУгАЫТдКздгЩШыГЁШЏ"	0	0	1	0	0	0	0	0	0	0	1	1	1	1	1	1	
62	62	0	0	0	0	0	0	"ДѓЪІО­бщгЁеТ"	0	0	1	0	0	0	0	0	0	0	1	1	1	1	1	1	
63	63	0	0	0	0	0	0	"ДѓЪІЩёЪЅгЁеТ"	0	0	1	0	0	0	0	0	0	0	1	1	1	1	1	1	
64	8	0	0	0	0	0	0	"ЧПЛЏЖёФЇ"	1	0	1	0	0	0	0	0	0	0	1	1	1	1	1	1	
65	8	0	0	0	0	0	0	"ЧПЛЏЬьЪЙ"	1	0	1	0	0	0	0	0	0	0	1	1	1	1	1	1	
66	66	0	0	0	0	0	0	"ЪЅЕЎжЎЕиШыГЁШЏ"	0	0	1	0	0	0	0	0	0	0	1	1	1	1	1	1	
67	8	0	0	0	0	0	0	"ТГЕРЗђ"	28	0	1	0	0	0	0	0	0	0	1	1	1	1	1	1	
68	10	0	0	0	0	0	0	"бЉШЫБфЩэжИЛЗ"	10	0	1	0	0	0	0	0	0	0	1	1	1	1	1	1	
69	69	0	0	0	0	0	0	"ИДЛюЗћжф"	0	0	1	0	0	0	0	0	0	0	1	1	1	1	1	1	
70	70	0	0	0	0	0	0	"вЦЖЏЗћжф"	0	0	1	0	0	0	0	0	0	0	1	1	1	1	1	1	
71	8	0	0	0	0	0	0	"НЃ/ЕЖ/ЧЙ"	0	0	1	0	0	0	0	0	0	0	1	1	1	1	1	1	
72	8	0	0	0	0	0	0	"ЗЈеШ"	0	0	1	0	0	0	0	0	0	0	1	1	1	1	1	1	
73	8	0	0	0	0	0	0	"Й­/хѓ"	0	0	1	0	0	0	0	0	0	0	1	1	1	1	1	1	
74	8	0	0	0	0	0	0	"ШЈеШ"	0	0	1	0	0	0	0	0	0	0	1	1	1	1	1	1	
75	8	0	0	0	0	0	0	"ейЛНеШ"	0	0	1	0	0	0	0	0	0	0	1	1	1	1	1	1	
76	10	0	0	0	0	0	0	"амУЈБфЩэНфжИ"	28	0	1	0	0	0	0	0	0	0	1	1	1	1	1	1	
80	8	0	0	0	0	0	0	"амУЈ"	28	0	1	0	0	0	0	0	0	0	1	1	1	1	1	1	
81	81	0	0	0	0	0	0	"ЪиЛЄЗћжф"	0	0	1	0	0	0	0	0	0	0	1	1	1	1	1	1	
82	82	0	0	0	0	0	0	"зАБИБЃЛЄЗћжф"	0	0	1	0	0	0	0	0	0	0	1	1	1	1	1	1	
83	83	0	0	0	0	0	0	"ЖёФЇжЎвэКЯГЩЗћжф"	0	0	1	0	0	0	0	0	0	0	1	1	1	1	1	1	
84	84	0	0	0	0	0	0	"ЬьЪЙжЎвэКЯГЩЗћжф"	0	0	1	0	0	0	0	0	0	0	1	1	1	1	1	1	
85	85	0	0	0	0	0	0	"ОЋСщжЎвэКЯГЩЗћжф"	0	0	1	0	0	0	0	0	0	0	1	1	1	1	1	1	
86	86	0	0	0	0	0	0	"джФбжЎвэКЯГЩЗћжф"	0	0	1	0	0	0	0	0	0	0	1	1	1	1	1	1	
87	87	0	0	0	0	0	0	"ЭѕепХћЗчКЯГЩЗћжф"	0	0	1	0	0	0	0	0	0	0	1	1	1	1	1	1	
88	88	0	0	0	0	0	0	"ЗЩСњжЎвэКЯГЩЗћжф"	0	0	1	0	0	0	0	0	0	0	1	1	1	1	1	1	
89	89	0	0	0	0	0	0	"ФЇЛъжЎвэКЯГЩЗћжф"	0	0	1	0	0	0	0	0	0	0	1	1	1	1	1	1	
90	90	0	0	0	0	0	0	"ЪЅСщжЎвэКЯГЩЗћжф"	0	0	1	0	0	0	0	0	0	0	1	1	1	1	1	1	
91	91	0	0	0	0	0	0	"ОјЭћжЎвэКЯГЩЗћжф	"	0	0	1	0	0	0	0	0	0	0	1	1	1	1	1	1	
92	92	0	0	0	0	0	0	"АЕКкжЎвэКЯГЩЗћжф"	0	0	1	0	0	0	0	0	0	0	1	1	1	1	1	1	
93	93	0	0	0	0	0	0	"ДѓЪІЕШМЖО­бщгЁеТ"	0	0	1	0	0	0	0	0	0	0	1	1	1	1	1	1	
94	94	0	0	0	0	0	0	"ДѓЪІЕШМЖЩёЪЅгЁеТ"	0	0	1	0	0	0	0	0	0	0	1	1	1	1	1	1	
95	95	0	0	0	0	0	0	"ЖЗЪПЕФШйгў"	0	0	1	0	0	0	0	0	0	0	1	1	1	1	1	1	
96	96	0	0	0	0	0	0	"ЧПКЗЗћжф"	0	0	1	0	0	0	0	0	0	0	1	1	1	1	1	1	
103	103	0	0	0	0	0	0	"зщЖгО­бщОэжс"	0	0	1	0	0	0	0	0	0	0	1	1	1	1	1	1	
104	104	0	0	0	0	0	0	"діМгзюДѓAGЙтЛЗ"	0	0	1	0	0	0	0	0	0	0	1	1	1	1	1	1	
105	105	0	0	0	0	0	0	"діМгзюДѓSDЙтЛЗ"	0	0	1	0	0	0	0	0	0	0	1	1	1	1	1	1	
106	8	0	0	0	0	0	0	"ЖРНЧЪо"	28	0	1	0	0	0	0	0	0	0	1	1	1	1	1	1	
107	10	0	0	0	0	0	0	"жТУќФЇЗЈНфжИ"	0	0	1	0	0	0	0	0	0	0	1	1	1	1	1	1	
109	10	0	0	0	0	0	0	"РЖБІЪЏНфжИ"	0	0	1	0	0	0	0	0	0	0	1	1	1	1	1	1	
110	10	0	0	0	0	0	0	"КьБІЪЏНфжИ"	0	0	1	0	0	0	0	0	0	0	1	1	1	1	1	1	
111	10	0	0	0	0	0	0	"ЛЦБІЪЏНфжИ"	0	0	1	0	0	0	0	0	0	0	1	1	1	1	1	1	
112	10	0	0	0	0	0	0	"зЯЫЎОЇНфжИ"	0	0	1	0	0	0	0	0	0	0	1	1	1	1	1	1	
113	9	0	0	0	0	0	0	"КьБІЪЏЯюСД"	0	0	1	0	0	0	0	0	0	0	1	1	1	1	1	1	
114	9	0	0	0	0	0	0	"ТЬБІЪЏЯюСД"	0	0	1	0	0	0	0	0	0	0	1	1	1	1	1	1	
115	9	0	0	0	0	0	0	"РЖБІЪЏЯюСД"	0	0	1	0	0	0	0	0	0	0	1	1	1	1	1	1	
116	10	0	0	0	0	0	0	"ИЛШФЕФгЁеТ"	0	0	1	0	0	0	0	0	0	0	1	1	1	1	1	1	
117	117	0	0	0	0	0	0	"ЛюСІУивЉLV1"	0	0	1	0	0	0	0	0	0	0	1	1	1	1	1	1	
118	118	0	0	0	0	0	0	"ЛюСІУивЉLV2"	0	0	1	0	0	0	0	0	0	0	1	1	1	1	1	1	
119	119	0	0	0	0	0	0	"ЛюСІУивЉLV3"	0	0	1	0	0	0	0	0	0	0	1	1	1	1	1	1	
120	120	0	0	0	0	0	0	"ЛюСІУивЉLV4"	0	0	1	0	0	0	0	0	0	0	1	1	1	1	1	1	
121	0	0	0	0	0	0	0	"ГрЩЋвЊШћздгЩШыГЁОэ"	25964	0	1	0	0	0	0	0	0	0	1	1	1	1	1	1	
122	10	0	0	0	0	0	0	"їМїУБфЩэНфжИ"	1	0	1	0	0	0	0	0	0	0	1	1	1	1	1	1	
123	8	0	0	0	0	0	0	"гзСњЙЧМм"	1	0	1	0	0	0	0	0	0	0	1	1	1	1	1	1	
124	124	0	0	0	0	0	0	"Paid Channel Access Ticket"	0	0	1	0	0	0	0	0	0	0	1	1	1	1	1	1	
125	0	0	0	0	0	0	0	"ЩњЛъЙуГЁздгЩШыГЁШЏ"	29285	0	1	0	0	0	0	0	0	0	1	1	1	1	1	1	
126	126	0	0	0	0	0	0	"АЭЖћПЈздгЩШыГЁШЏ"	0	0	1	0	0	0	0	0	0	0	1	1	1	1	1	1	
127	127	0	0	0	0	0	0	"АЭЖћПЈ7здгЩШыГЁШЏ"	55	0	1	0	0	0	0	0	0	0	1	1	1	1	1	1	
128	10	0	0	0	0	0	0	"ЩёгЅЕёЯё"	0	0	1	0	0	0	0	0	0	0	1	1	1	1	1	1	
129	10	0	0	0	0	0	0	"ЩНбђЕёЯё"	0	0	1	0	0	0	0	0	0	0	1	1	1	1	1	1	
130	10	0	0	0	0	0	0	"ЪоШЫЗћЮФ"	0	0	1	0	0	0	0	0	0	0	1	1	1	1	1	1	
131	10	0	0	0	0	0	0	"ЗувЖЗћЮФ"	0	0	1	0	0	0	0	0	0	0	1	1	1	1	1	1	
132	10	0	0	0	0	0	0	"ЛЦН№ЪоШЫЗћЮФ"	0	0	1	0	0	0	0	0	0	0	1	1	1	1	1	1	
133	10	0	0	0	0	0	0	"ЛЦН№ЗувЖЗћЮФ"	0	0	1	0	0	0	0	0	0	0	1	1	1	1	1	1	
134	10	0	0	0	0	0	0	"ЦЦОЩЬњЬу"	0	0	1	0	0	0	0	0	0	0	1	1	1	1	1	1	
135	-121	0	0	0	0	0	0	"бЃЩСПјМзвЛМЖЖвЛЛШЏ"	0	0	1	0	0	0	0	0	0	0	1	1	1	1	1	1	
136	-120	0	0	0	0	0	0	"бЃЩСПузгвЛМЖЖвЛЛШЏ"	0	0	1	0	0	0	0	0	0	0	1	1	1	1	1	1	
137	-119	0	0	0	0	0	0	"бЃЩСЭЗПјвЛМЖЖвЛЛШЏ"	0	0	1	0	0	0	0	0	0	0	1	1	1	1	1	1	
138	-118	0	0	0	0	0	0	"бЃЩСЪжЬзвЛМЖЖвЛЛШЏ"	0	0	1	0	0	0	0	0	0	0	1	1	1	1	1	1	
139	-117	0	0	0	0	0	0	"бЃЩСаЌзгвЛМЖЖвЛЛШЏ"	0	0	1	0	0	0	0	0	0	0	1	1	1	1	1	1	
140	-116	0	0	0	0	0	0	"бЃЩСПјМзЖўМЖЖвЛЛШЏ"	0	0	1	0	0	0	0	0	0	0	1	1	1	1	1	1	
141	-115	0	0	0	0	0	0	"бЃЩСПузгЖўМЖЖвЛЛШЏ"	0	0	1	0	0	0	0	0	0	0	1	1	1	1	1	1	
142	-114	0	0	0	0	0	0	"бЃЩСЭЗПјЖўМЖЖвЛЛШЏ"	0	0	1	0	0	0	0	0	0	0	1	1	1	1	1	1	
143	-113	0	0	0	0	0	0	"бЃЩСЪжЬзЖўМЖЖвЛЛШЏ"	0	0	1	0	0	0	0	0	0	0	1	1	1	1	1	1	
144	-112	0	0	0	0	0	0	"бЃЩСаЌзгЖўМЖЖвЛЛШЏ"	0	0	1	0	0	0	0	0	0	0	1	1	1	1	1	1	
204	8	0	0	0	0	0	0	"ащПеБЉСњ"	0	0	1	0	0	0	0	0	0	0	1	1	1	1	1	1	
end
//Index	ItemSlot	Skill	X	Y	Serial	Option	Drop	ItemName	Value	ItemLvl
14
0	0	0	0	0	0	0	0	"ЦЛЙћ"	327680	1	
1	1	0	0	0	0	0	0	"аЁЦПжЮСЦвЉЫЎ"	655360	10	
2	2	0	0	0	0	0	0	"жаЦПжЮСЦвЉЫЎ"	1310720	25	
3	3	0	0	0	0	0	0	"ДѓЦПжЮСЦвЉЫЎ"	1966080	40	
4	4	0	0	0	0	0	0	"аЁЦПФЇСІвЉЫЎ"	655360	10	
5	5	0	0	0	0	0	0	"жаЦПФЇСІвЉЫЎ"	1310720	25	
6	6	0	0	0	0	0	0	"ДѓЦПФЇСІвЉЫЎ"	1966080	40	
7	7	0	0	0	0	0	0	"ЙЅГЧвЉЫЎ"	1966080	0	
8	8	0	0	0	0	0	0	"НтЖОМС"	655360	10	
9	9	0	0	0	0	0	0	"ОЦ"	1966080	15	
10	10	0	0	0	0	0	0	"ЛиГЧОэжс"	1966080	30	
11	11	0	0	0	0	0	0	"авдЫБІЯф"	0	0	
12	12	0	0	0	0	0	0	"аФжЎМЧвф"	0	0	
13	13	0	0	0	0	0	0	"зЃИЃБІЪЏ"	9830400	25	
14	14	0	0	0	0	0	0	"СщЛъБІЪЏ"	9830400	30	
15	15	0	0	0	0	0	0	"Н№"	0	0	
16	16	0	0	0	0	0	0	"ЩњУќБІЪЏ"	0	72	
17	17	0	0	0	0	0	0	"ЖёФЇжЎбл"	0	1	
18	18	0	0	0	0	0	0	"ЖёФЇжЎдП"	0	1	
19	19	0	0	0	0	0	0	"ЖёФЇЙуГЁЭЈаажЄ"	0	0	
20	20	0	0	0	0	0	0	"АЎЧщЕФФЇСІ"	0	0	
21	21	0	0	0	0	0	0	"ЦцМЃЭЈБІ"	0	0	
22	22	0	0	0	0	0	0	"ДДдьБІЪЏ"	0	78	
23	23	0	0	0	0	0	0	"ЕлЭѕжЎЪщ"	0	0	
24	24	0	0	0	0	0	0	"ЖЯЛъжЎНЃ"	0	0	
25	25	0	0	0	0	0	0	"ОЋСщжЎРс"	0	0	
26	26	0	0	0	0	0	0	"ЯШжЊжЎЛъ"	0	0	
28	28	0	0	0	0	0	0	"ЪЇТфЕФЕиЭМ"	0	0	
29	29	0	0	0	0	0	0	"РЅЖйгЁМЧ"	0	0	
31	31	0	0	0	0	0	0	"ЪиЛЄБІЪЏ"	4915200	0	
32	32	0	0	0	0	0	0	"ЗлКьЩЋБІЯф"	0	0	
33	33	0	0	0	0	0	0	"КьЩЋБІЯф"	0	0	
34	34	0	0	0	0	0	0	"РЖЩЋБІЯф"	0	0	
35	35	0	0	0	0	0	0	"аЁЗРЛЄвЉЫЎ"	3276800	0	
36	36	0	0	0	0	0	0	"жаЗРЛЄвЉЫЎ"	5242880	0	
37	37	0	0	0	0	0	0	"ДѓЗРЛЄвЉЫЎ"	6553600	0	
38	38	0	0	0	0	0	0	"аЁЩњУќЪЅЫЎ"	1310720	68	
39	39	0	0	0	0	0	0	"жаЩњУќЪЅЫЎ"	2621440	96	
40	40	0	0	0	0	0	0	"ДѓЩњУќЪЅЫЎ"	3932160	118	
41	41	0	0	0	0	0	0	"дйЩњд­ЪЏ"	9830400	25	
42	42	0	0	0	0	0	0	"дйЩњБІЪЏ"	9830400	25	
43	43	0	0	0	0	0	0	"ГѕМЖНјЛЏБІЪЏ"	9830400	25	
44	44	0	0	0	0	0	0	"ИпМЖНјЛЏБІЪЏ"	9830400	25	
45	45	0	0	0	0	0	0	"авдЫФЯЙЯ"	0	1	
46	46	0	0	0	0	0	0	"ФЯЙЯЕЦЕФзЃИЃ"	0	0	
47	47	0	0	0	0	0	0	"ФЯЙЯЕЦЕФЗпХ­"	0	0	
48	48	0	0	0	0	0	0	"ФЯЙЯЕЦЕФФХКА"	0	0	
49	49	0	0	0	0	0	0	"ФЯЙЯЕЦЕФЪГЮя"	0	0	
50	50	0	0	0	0	0	0	"ФЯЙЯЕЦЕФвћСЯ"	0	0	
51	51	0	0	0	0	0	0	"ЬьПежЎаЧ"	0	0	
52	52	0	0	0	0	0	0	"GMРёЮяБІЯф"	0	0	
53	53	0	0	0	0	0	0	"авдЫЗћжф"	0	0	
54	54	0	0	0	0	0	0	"ТъбХПЈЦЌ"	0	0	
55	55	0	0	0	0	0	0	"ТЬЩЋТъбХБІЯф"	0	0	
56	56	0	0	0	0	0	0	"КьЩЋТъбХБІЯф"	0	0	
57	57	0	0	0	0	0	0	"зЯЩЋТъбХБІЯф"	0	0	
58	58	0	0	0	0	0	0	"БІЮяЗтгЁ1"	0	0	
59	59	0	0	0	0	0	0	"БІЮяЗтгЁ2"	0	0	
60	60	0	0	0	0	0	0	"БІЮяЗтгЁ3"	0	0	
61	61	0	0	0	0	0	0	"БІЮяЗтгЁ4"	0	0	
62	62	0	0	0	0	0	0	"БІЮяЗтгЁ5"	0	0	
63	63	0	0	0	0	0	0	"БЌжё"	0	0	
64	64	0	0	0	0	0	0	"зчжфжЎРё"	0	0	
65	65	0	0	0	0	0	0	"ЬьФЇЗЦФсЫЙЕФЛ№жж"	0	0	
66	66	0	0	0	0	0	0	"ГубзФЇЕФНЧ"	0	0	
67	67	0	0	0	0	0	0	"ДдСжейЛНепЕФг№УЋ"	0	0	
68	68	0	0	0	0	0	0	"ЩюдЈжЎбл"	0	0	
70	70	0	0	0	0	0	0	"ОЋЛЊжЮСЦвЉЫЎ"	0	0	
71	71	0	0	0	0	0	0	"ОЋЛЊФЇСІвЉЫЎ"	0	0	
72	72	0	0	0	0	0	0	"МгЫйОэжс"	0	0	
73	73	0	0	0	0	0	0	"ЗРгљОэжс"	0	0	
74	74	0	0	0	0	0	0	"ЗпХ­Оэжс"	0	0	
75	75	0	0	0	0	0	0	"ФЇСІОэжс"	0	0	
76	76	0	0	0	0	0	0	"ЬхСІОэжс"	0	0	
77	77	0	0	0	0	0	0	"ФЇЗЈОэжс"	0	0	
78	78	0	0	0	0	0	0	"СІСПЪЅЫЎ"	0	0	
79	79	0	0	0	0	0	0	"УєНнЪЅЫЎ"	0	0	
80	80	0	0	0	0	0	0	"ЬхСІЪЅЫЎ"	0	0	
81	81	0	0	0	0	0	0	"жЧСІЪЅЫЎ"	0	0	
82	82	0	0	0	0	0	0	"ЭГТЪЪЅЫЎ"	0	0	
83	83	0	0	0	0	0	0	"БІЮяЗтгЁ"	0	0	
84	84	0	0	0	0	0	0	"гЃЛЈгЮЯЗЯф"	0	0	
85	85	0	0	0	0	0	0	"гЃЛЈОЦ"	0	0	
86	86	0	0	0	0	0	0	"гЃЛЈБ§"	0	0	
87	87	0	0	0	0	0	0	"гЃЛЈЛЈАъ"	0	0	
88	88	0	0	0	0	0	0	"АзЩЋгЃЛЈЪїжІ"	0	0	
89	89	0	0	0	0	0	0	"КьЩЋгЃЛЈЪїжІ"	0	0	
90	90	0	0	0	0	0	0	"ЛЦЩЋгЃЛЈЪїжІ"	0	0	
91	91	0	0	0	0	0	0	"ейЛНЪѕЪІНЧЩЋПЈ"	0	0	
92	92	0	0	0	0	0	0	"ЛЦН№ТъбХПЈЦЌ"	0	0	
93	93	0	0	0	0	0	0	"ЯЁгаТъбХПЈЦЌ"	0	0	
94	94	0	0	0	0	0	0	"жааЭОЋЛЊжЮСЦвЉЫЎ"	0	0	
95	95	0	0	0	0	0	0	"УдФуТъбХПЈЦЌ"	0	0	
96	96	0	0	0	0	0	0	"КЯГЩБЃЛЄЗћжф"	0	0	
97	97	0	0	0	0	0	0	"авдЫвЛЛїОэжс"	0	0	
98	98	0	0	0	0	0	0	"зПдНвЛЛїОэжс"	0	0	
99	99	0	0	0	0	0	0	"ЪЅЕЎБоХк"	0	0	
100	100	0	0	0	0	0	0	"авдЫЭ­Бв"	0	0	
101	101	0	0	0	0	0	0	"ЦцЙжЕФжНЬѕ"	0	32	
102	102	0	0	0	0	0	0	"П­ЮФЕФжИСю"	0	0	
103	103	0	0	0	0	0	0	"ЯЃПЫР­ЫщЦЌ1"	0	0	
104	104	0	0	0	0	0	0	"ЯЃПЫР­ЫщЦЌ2"	0	0	
105	105	0	0	0	0	0	0	"ЯЃПЫР­ЫщЦЌ3"	0	0	
106	106	0	0	0	0	0	0	"ЯЃПЫР­ЫщЦЌ4"	0	0	
107	107	0	0	0	0	0	0	"ЯЃПЫР­ЫщЦЌ5"	0	0	
108	108	0	0	0	0	0	0	"ЯЃПЫР­ЫщЦЌ6"	0	0	
109	109	0	0	0	0	0	0	"ЭъећЕФЯЃПЫР­"	0	0	
110	110	0	0	0	0	0	0	"ДЮдЊБъЪЖ"	0	32	
111	111	0	0	0	0	0	0	"ДЮдЊФЇОЕ"	0	0	
112	112	0	0	0	0	0	0	"вјдПГз"	0	0	
113	113	0	0	0	0	0	0	"Н№дПГз"	0	0	
114	114	0	0	0	0	0	0	"ДѓЪІММФмГѕЪМЛЏ"	0	0	
115	115	0	0	0	0	0	0	"ЕїећЪєадЕу"	0	0	
116	116	0	0	0	0	0	0	"НЧЩЋвЦЖЏЗўЮё"	0	0	
117	117	0	0	0	0	0	0	"НЧЩЋУћГЦБфИќЗўЮё"	0	0	
118	118	0	0	0	0	0	0	"зЊЗўЮёЦїЗўЮё"	0	0	
119	119	0	0	0	0	0	0	"НБЦЗзщКЯАќ"	0	0	
120	120	0	0	0	0	0	0	"И№ВМСжЕуЪ§"	0	0	
121	121	0	0	0	0	0	0	"ЗтгЁЕФН№Яфзг"	0	0	
122	122	0	0	0	0	0	0	"ЗтгЁЕФвјЯфзг"	0	0	
123	123	0	0	0	0	0	0	"Н№Яфзг"	0	0	
124	124	0	0	0	0	0	0	"вјЯфзг"	0	0	
125	125	0	0	0	0	0	0	"РёАќКа"	0	0	
126	126	0	0	0	0	0	0	"30ШеАќдТПЈ"	0	0	
127	127	0	0	0	0	0	0	"90ШеАќдТПЈ"	0	0	
128	-128	0	0	0	0	0	0	"30ШеАќдТПЈ-ЕуЪ§"	0	0	
129	-127	0	0	0	0	0	0	"90ШеАќдТПЈ-ЕуЪ§"	0	0	
130	-126	0	0	0	0	0	0	"3 аЁЪБЕуОэ"	0	0	
131	-125	0	0	0	0	0	0	"5 аЁЪБЕуОэ"	0	0	
132	-124	0	0	0	0	0	0	"10 аЁЪБЕуОэ"	0	0	
133	-123	0	0	0	0	0	0	"ОЋЛЊЗРЛЄжЕвЉЫЎ"	0	0	
134	-122	0	0	0	0	0	0	"РёАќКаA"	0	0	
135	-121	0	0	0	0	0	0	"РёАќКаB"	0	0	
136	-120	0	0	0	0	0	0	"РёАќКаC"	0	0	
137	-119	0	0	0	0	0	0	"РёАќКаD"	0	0	
138	-118	0	0	0	0	0	0	"РёАќКаE"	0	0	
139	-117	0	0	0	0	0	0	"РёАќКаF"	0	0	
140	-116	0	0	0	0	0	0	"ЛжИДОэжс"	0	0	
141	-115	0	0	0	0	0	0	"ЩСвЋЕФБІЪЏКа"	0	0	
142	-114	0	0	0	0	0	0	"ОЋСЖЕФБІЪЏКа"	0	0	
143	-113	0	0	0	0	0	0	"ЬњжЦЕФБІЪЏКа"	0	0	
144	-112	0	0	0	0	0	0	"ГТОЩЕФБІЪЏКа"	0	0	
145	-111	0	0	0	0	0	0	"БІЮяЗтгЁ7"	0	0	
146	-110	0	0	0	0	0	0	"БІЮяЗтгЁ8"	0	0	
147	-109	0	0	0	0	0	0	"БІЮяЗтгЁ9"	0	0	
148	-108	0	0	0	0	0	0	"БІЮяЗтгЁ10"	0	0	
149	-107	0	0	0	0	0	0	"БІЮяЗтгЁ11"	0	0	
150	-106	0	0	0	0	0	0	"БІЮяЗтгЁ12"	0	0	
151	-105	0	0	0	0	0	0	"1МЖЮЏЭаЪщ"	0	0	
152	-104	0	0	0	0	0	0	"1МЖЮЏЭаЭъГЩОэжс"	0	0	
153	-103	0	0	0	0	0	0	"аЧГО"	3932160	0	
154	-102	0	0	0	0	0	0	"ПЈЬиЪЏ"	3932160	0	
155	-101	0	0	0	0	0	0	"ЦЦЛЕЦяЪПЕФПјМз"	3932160	0	
156	-100	0	0	0	0	0	0	"гФСщЭРЩБепЕФЙїАє"	3932160	0	
157	-99	0	0	0	0	0	0	"ТЬЩЋБІЯф"	12451840	0	
158	-98	0	0	0	0	0	0	"КьЩЋБІЯф"	12451840	0	
159	-97	0	0	0	0	0	0	"зЯЩЋБІЯф"	12451840	0	
160	-96	0	0	0	0	0	0	"бгГЄБІЪЏ"	0	0	
161	-95	0	0	0	0	0	0	"ЬсИпБІЪЏ"	0	0	
162	-94	0	0	0	0	0	0	"ФЇЗЈБГАќ"	0	0	
163	-93	0	0	0	0	0	0	"ВжПтРЉеЙжЄЪщ"	0	0	
164	-92	0	0	0	0	0	0	"ЙХДњЕёПЬ"	0	0	
165	-91	0	0	0	0	0	0	"ФЇЗЈвТСЯ"	0	0	
166	-90	0	0	0	0	0	0	"ПеМфвТСЯ"	0	0	
169	-87	0	0	0	0	0	0	"ИёЖЗМвНЧЩЋПЈ"	0	0	
244	-12	0	0	0	0	0	0	"НњЩ§ФЇЪЏ"	0	0	
245	-11	0	0	0	0	0	0	"ММФмФЇЪЏ"	0	0	
246	-10	0	0	0	0	0	0	"авдЫФЇЪЏ"	0	0	
247	-9	0	0	0	0	0	0	"зЗМгФЇЪЏ"	0	0	
248	-8	0	0	0	0	0	0	"зПдНФЇЪЏ"	0	0	
249	-7	0	0	0	0	0	0	"ж§ПзФЇЪЏ"	0	0	
250	-6	0	0	0	0	0	0	"ЬззАФЇЪЏ&ЦеЭЈ"	0	0	
251	-5	0	0	0	0	0	0	"ЬззАФЇЪЏ&ЧПЛЏ"	0	0	
252	-4	0	0	0	0	0	0	"ГЌЩёФЇЪЏ"	0	0	
end
//Index	ItemSlot	Skill	X	Y	Serial	Option	Drop	ItemName	ItemLvl	RequiredLvl	Energy	Zen	DW/SM	DK/BK	Elf/ME	MG	DL	SUM
15
0	0	0	0	0	0	0	0	"ЖОжфЪѕ"	30	0	0	17000	1	0	0	1	0	0	
1	1	0	0	0	0	0	0	"дЩЪЏЪѕ"	21	0	0	11000	1	0	0	1	0	1	
2	2	0	0	0	0	0	0	"еЦаФРзЪѕ"	13	0	0	3000	1	0	0	1	0	0	
3	3	0	0	0	0	0	0	"Л№ЧђЪѕ"	5	0	0	300	1	0	0	1	0	1	
4	4	0	0	0	0	0	0	"Л№СњЪѕ"	35	0	0	21000	1	0	0	1	0	0	
5	5	0	0	0	0	0	0	"ЫВМфвЦЖЏЪѕ"	17	0	0	5000	1	0	0	0	0	0	
6	6	0	0	0	0	0	0	"БљЗтЪѕ"	25	0	0	14000	1	0	0	1	0	1	
7	7	0	0	0	0	0	0	"СњОэЗчЪѕ"	40	0	0	25000	1	0	0	1	0	0	
8	8	0	0	0	0	0	0	"КкСњВЈЪѕ"	50	0	0	35000	1	0	0	1	0	0	
9	9	0	0	0	0	0	0	"ЕигќЛ№Ъѕ"	60	0	0	60000	1	0	0	1	0	0	
10	10	0	0	0	0	0	0	"ецПеВЈЪѕ"	9	0	0	1150	1	0	0	1	0	1	
11	11	0	0	0	0	0	0	"МЋЙтЪѕ"	74	0	0	100000	1	0	0	1	0	0	
12	12	0	0	0	0	0	0	"БЌбзЪѕ"	80	0	0	175000	1	0	0	1	0	0	
13	13	0	0	0	0	0	0	"ЛйУ№СвбцЪѕ"	88	0	0	265000	1	0	0	1	0	0	
14	14	0	0	0	0	0	0	"аЁХВвЦЪѕ"	83	0	0	245000	2	0	0	0	0	0	
15	15	0	0	0	0	0	0	"ЪиЛЄжЎЛъЪѕ"	77	0	0	135000	1	0	0	0	0	0	
16	16	0	0	0	0	0	0	"ЕЅЖОбзЪѕ"	96	0	0	345000	2	0	0	0	0	0	
17	17	0	0	0	0	0	0	"БЉЗчбЉЪѕ"	93	0	0	315000	2	0	0	0	0	0	
18	18	0	0	0	0	0	0	"аЧГНвЛХ­Ъѕ"	100	0	0	410000	2	0	0	0	0	0	
19	19	0	0	0	0	0	0	"СДРзжфбђЦЄжН"	75	0	0	175000	0	0	0	0	0	1	
20	20	0	0	0	0	0	0	"ЩуЛъжфбђЦЄжН"	35	0	0	100000	0	0	0	0	0	1	
21	21	0	0	0	0	0	0	"СвЙтЩСбђЦЄжН"	93	0	0	315000	0	0	0	0	0	1	
22	22	0	0	0	0	0	0	"ЩЫКІЗДЩфбђЦЄжН"	80	0	0	245000	0	0	0	0	0	1	
23	23	0	0	0	0	0	0	"ПёБЉЪѕбђЦЄжН"	83	0	0	265000	0	0	0	0	0	1	
24	24	0	0	0	0	0	0	"ЛшЫЏбђЦЄжН"	40	0	0	135000	0	0	0	0	0	1	
26	26	0	0	0	0	0	0	"ащШѕеѓбђЦЄжН"	93	0	0	410000	0	0	0	0	0	2	
27	27	0	0	0	0	0	0	"ЦЦгљеѓбђЦЄжН"	111	0	0	450000	0	0	0	0	0	2	
28	28	0	0	0	0	0	0	"ФЇСІЧПЛЏЗЈЪщ"	100	0	0	425000	2	0	0	0	0	0	
29	29	0	0	0	0	0	0	"ЩСЕчКфЖЅЗЈЪщ"	100	0	0	380000	0	0	0	1	0	0	
30	30	0	0	0	0	0	0	"Лиа§ЬпбђЦЄжН"	80	0	0	175000	0	0	0	0	0	0	
31	31	0	0	0	0	0	0	"гФкЄЙтЫйШ­бђЦЄжН"	100	0	0	345000	0	0	0	0	0	0	
32	32	0	0	0	0	0	0	"бзСњШ­бђЦЄжН"	90	0	0	265000	0	0	0	0	0	0	
33	33	0	0	0	0	0	0	"ЪШбЊжЎСњбђЦЄжН"	100	0	0	345000	0	0	0	0	0	0	
34	34	0	0	0	0	0	0	"ЖЗЩё-ЦЦбђЦЄжН"	100	0	0	345000	0	0	0	0	0	0	
35	35	0	0	0	0	0	0	"ЖЗЩё-УќбђЦЄжН"	90	0	0	265000	0	0	0	0	0	0	
36	36	0	0	0	0	0	0	"ЖЗЩё-гљбђЦЄжН"	70	0	0	60000	0	0	0	0	0	0	
end
