//Index	Name	Damage	Mana	BP	Dis	Delay	Ene	Cmd	Attr	Type	UseType	Brand	KillCnt	St1	St2	St3	DW	DK	FE	MG	DL	SUM	RF	STUnk1	STUnk2	STUnk3	STUnk4	STUnk5	STUnk6	STUnk7	STUnk8	STUnk9	STUnk10
1	"ЖОжф"	30	12	42	0	6	0	100	0	1	0	0	0	0	0	0	0	1	0	0	1	0	0	0	0	0	2	0	2
2	"дЩЪЏ"	21	21	12	0	6	0	100	0	4	0	0	0	0	0	0	0	1	0	0	1	0	1	0	0	0	0	0	2
3	"еЦаФРз"	13	17	15	0	6	0	100	0	2	0	0	0	0	0	0	0	1	0	0	1	0	0	0	0	0	0	0	2
4	"Л№Чђ"	5	8	3	0	6	0	100	0	3	0	0	0	0	0	0	0	1	0	0	1	0	1	0	0	0	0	0	2
5	"Л№Сњ"	35	25	50	0	6	0	100	0	3	0	0	0	0	0	0	0	1	0	0	1	0	0	0	0	0	0	0	2
6	"ЫВМфвЦЖЏ"	17	0	30	0	6	0	100	0	-1	0	0	0	0	0	0	0	1	0	0	0	0	0	0	0	0	0	0	0
7	"БљЗт"	25	10	38	0	6	0	100	0	0	0	0	0	0	0	0	0	1	0	0	1	0	1	0	0	0	2	0	2
8	"СњОэЗч"	40	35	60	0	6	0	100	0	5	0	0	0	0	0	0	0	1	0	0	1	0	0	0	0	0	0	0	2
9	"КкСњВЈ"	50	45	90	0	8	0	100	0	-1	0	0	0	0	0	0	0	1	0	0	1	0	0	0	0	0	0	0	2
10	"ЕигќЛ№"	60	120	160	0	0	0	100	0	3	0	0	0	0	0	0	0	1	0	0	1	0	0	0	0	0	0	0	2
11	"ецПеВЈ"	9	14	5	0	6	0	100	0	-1	0	0	0	0	0	0	0	1	0	0	1	0	1	0	0	0	0	0	2
12	"МЋЙт"	74	80	140	0	6	0	110	0	6	0	0	0	0	0	0	0	1	0	0	1	0	0	0	0	0	0	0	2
13	"БЌбз"	80	70	150	0	3	0	150	0	2	0	0	0	0	0	0	0	1	0	0	1	0	0	0	0	0	0	0	2
14	"ЛйУ№Свбц"	88	100	200	0	0	0	200	0	3	0	0	0	0	0	0	0	1	0	0	1	0	0	0	0	0	0	0	2
15	"аЁХВвЦ"	83	0	90	25	6	0	188	0	-1	0	0	0	0	0	0	0	2	0	0	0	0	0	0	0	0	0	0	0
16	"ЪиЛЄжЎЛъ"	77	0	70	22	6	0	126	0	-1	0	0	0	0	0	0	0	1	0	0	0	0	0	0	0	0	1	0	0
17	"ФмСПЧђ"	2	3	1	0	6	0	0	0	-1	0	0	0	0	0	0	0	1	0	0	1	0	0	0	0	0	0	0	2
18	"ЪЅЖмЗРгљ"	0	0	30	0	0	0	0	0	-1	0	0	0	0	0	0	0	0	1	0	1	1	0	0	0	0	0	1	0
19	"ЕиСбеЖ"	0	0	9	0	3	0	0	0	-1	0	0	0	0	0	0	0	0	1	0	1	1	0	1	0	0	0	1	1
20	"бРЭЛДЬ"	0	0	9	0	2	0	0	0	-1	0	0	0	0	0	0	0	0	1	0	1	1	0	0	0	0	0	1	1
21	"Щ§СњЛї"	0	0	8	0	2	0	0	0	-1	0	0	0	0	0	0	0	0	1	0	1	1	0	0	0	0	0	1	1
22	"а§ЗчеЖ"	0	0	9	0	2	0	0	0	-1	0	0	0	0	0	0	0	0	1	0	1	1	0	0	0	0	0	1	1
23	"ЬьЕиЪЎзжНЃ"	0	0	10	0	2	0	0	0	-1	0	0	0	0	0	0	0	0	1	0	1	1	0	0	0	0	0	1	1
24	"ЖржиМ§"	0	0	5	0	6	0	0	0	-1	0	0	0	0	0	0	0	0	0	1	0	0	0	0	0	0	0	1	1
26	"жЮСЦ"	8	0	20	0	6	0	100	0	-1	0	0	0	0	0	0	0	0	0	1	0	0	0	0	0	0	3	0	4
27	"ЪиЛЄжЎЙт"	13	0	30	0	6	0	100	0	-1	0	0	0	0	0	0	0	0	0	1	0	0	0	0	0	0	1	0	4
28	"еНЩёжЎСІ"	18	0	40	0	6	0	100	0	-1	0	0	0	0	0	0	0	0	0	1	0	0	0	0	0	0	1	0	4
30	"ейЛН ИчВМСж"	0	0	40	0	0	0	90	0	-1	0	0	0	0	0	0	0	0	0	1	0	0	0	0	0	0	0	0	0
31	"ейЛН ЪЏОоШЫ"	0	0	70	0	0	0	170	0	-1	0	0	0	0	0	0	0	0	0	1	0	0	0	0	0	0	0	0	0
32	"ейЛН АЕЩБеп"	0	0	110	0	0	0	190	0	-1	0	0	0	0	0	0	0	0	0	1	0	0	0	0	0	0	0	0	0
33	"ейЛН бЉШЫЭѕ"	0	0	160	0	0	0	230	0	-1	0	0	0	0	0	0	0	0	0	1	0	0	0	0	0	0	0	0	0
34	"ейЛН АЕКкЦяЪП"	0	0	200	0	0	0	250	0	-1	0	0	0	0	0	0	0	0	0	1	0	0	0	0	0	0	0	0	0
35	"ейЛН ЪиЛЄЪоАЭРя"	0	0	250	0	0	0	260	0	-1	0	0	0	0	0	0	0	0	0	1	0	0	0	0	0	0	0	0	0
36	"ейЛН ЛЦН№ЖЗЪП"	0	0	350	0	0	0	280	0	-1	0	0	0	0	0	0	0	0	0	1	0	0	0	0	0	0	0	0	0
38	"ЖОбз"	96	95	110	7	6	0	243	0	1	0	0	0	0	0	0	0	2	0	0	0	0	0	0	0	0	2	0	2
39	"БЉЗчбЉ"	93	80	100	5	6	0	223	0	0	0	0	0	0	0	0	0	2	0	0	0	0	0	0	0	0	0	0	2
40	"аЧГПвЛХ­"	100	0	180	45	6	0	258	0	3	0	0	0	0	0	0	0	2	0	0	0	0	0	0	0	0	0	0	2
41	"ХљіЈЛиа§еЖ"	0	0	10	10	3	0	0	0	5	0	0	0	0	0	0	0	0	1	0	1	0	0	0	0	0	0	0	1
42	"РзіЊСбЩС"	170	60	25	20	4	0	0	0	4	0	0	0	0	0	0	0	0	2	0	0	0	0	0	0	0	0	0	1
43	"ЯЎЗчДЬ"	160	70	15	12	2	0	0	0	5	0	0	0	0	0	0	0	0	2	0	0	0	0	0	0	0	0	0	1
44	"АыдТеЖ"	0	90	22	15	6	0	0	0	-1	0	0	75	0	0	0	0	0	1	0	0	0	0	0	0	0	0	0	1
45	"Лиа§Ша"	0	90	150	10	6	0	0	0	-1	0	0	75	0	0	0	0	1	0	0	0	0	1	0	0	0	0	0	0
46	"ЬьЬУжЎМ§"	0	120	20	15	8	0	0	0	-1	0	0	75	0	0	0	0	0	0	1	0	0	0	0	0	0	0	0	1
47	"зъдЦЧЙ"	28	15	8	0	3	0	0	0	-1	0	0	0	0	0	0	0	0	1	0	1	0	0	0	0	0	0	0	1
48	"ЩњУќжЎЙт"	120	0	22	24	0	0	0	0	-1	0	0	0	0	0	0	0	0	1	0	0	0	0	0	0	0	1	0	0
49	"СїаЧбц"	110	30	9	0	3	0	0	0	-1	0	0	0	0	0	0	0	0	1	0	0	0	0	0	0	0	0	0	1
50	"ЖёФЇЕФХиЯј(ЙжЮя)"	60	120	160	0	0	0	100	0	-1	0	0	0	0	0	0	0	0	0	0	0	0	0	0	0	0	0	0	0
51	"БљЗтМ§"	0	105	10	12	8	0	0	0	0	0	0	0	0	0	0	0	0	0	2	0	0	0	0	0	0	2	0	1
52	"ДЉЭИМ§"	130	70	7	9	6	0	0	0	5	0	0	0	0	0	0	0	0	0	1	0	0	0	0	0	0	0	0	1
55	"аўдТеЖ"	0	80	15	20	3	0	0	0	1	0	0	0	0	0	0	0	0	0	0	1	0	0	0	0	0	2	0	1
56	"ЬьРзЩС"	0	0	15	0	8	0	100	0	-1	0	0	0	0	0	0	0	0	0	0	1	0	0	0	0	0	0	1	1
57	"ЗчЮшЛиа§еЖ"	0	75	20	15	5	0	0	0	-1	0	0	75	0	0	0	0	0	0	0	1	0	0	0	0	0	0	0	1
60	"ГхЛї"	0	10	10	0	4	0	0	0	-1	0	0	0	0	0	0	0	0	0	0	0	1	0	0	0	0	0	0	1
61	"аЧдЦЛ№СД"	74	100	25	0	6	0	20	0	-1	0	0	0	0	0	0	0	0	0	0	0	1	0	0	0	0	0	0	1
62	"ЕиСб"	0	150	0	50	10	10000	0	0	2	0	0	0	0	0	0	0	0	0	0	0	1	0	0	0	0	0	0	1
63	"аЧдЦейЛН"	98	0	70	30	0	30000	34	400	-1	0	0	0	0	0	0	0	0	0	0	0	1	0	0	0	0	0	0	0
64	"жТУќЪЅгЁ"	82	0	50	50	0	0	25	300	-1	0	0	0	0	0	0	0	0	0	0	0	1	0	0	0	0	1	0	0
65	"ЪЅМЋЙт"	92	250	0	100	10	5000	29	340	-1	0	0	0	0	0	0	0	0	0	0	0	1	0	0	0	0	0	0	1
66	"ГхЛїВЈ"	0	50	10	0	4	0	0	0	-1	0	0	0	0	0	0	0	0	0	0	0	1	0	0	0	0	0	1	1
67	"ЪјИПЪѕ"	0	0	70	50	2	0	0	0	-1	0	1	0	4	0	0	1	1	1	1	1	1	1	0	0	0	2	0	0
68	"НтГ§ЪјИП"	0	0	25	30	0	0	0	0	-1	0	1	0	2	0	0	1	1	1	1	1	1	1	0	0	0	0	0	0
69	"дівцФЇЗЈ"	0	0	35	30	0	0	0	0	-1	0	1	0	4	0	0	1	1	1	1	1	1	1	0	0	0	1	0	0
70	"ЭИУїЪѕ"	0	0	80	60	0	0	0	0	-1	0	1	0	5	1	1	0	1	1	1	1	1	1	0	0	0	0	0	0
71	"НтГ§ЭИУї"	0	0	40	30	0	0	0	0	-1	0	1	0	2	1	1	0	1	1	1	1	1	1	0	0	0	0	0	0
72	"НтГ§ФЇЗЈ"	0	0	90	70	0	0	0	0	-1	0	1	0	8	1	0	0	0	0	0	0	1	0	0	0	0	0	0	0
73	"ЛУФЇЙтЪј"	0	85	130	7	6	0	0	0	-1	0	0	75	0	0	0	0	0	0	0	1	0	0	0	0	0	0	0	2
74	"ЩёЪЅЛ№бц"	0	150	30	10	6	0	0	0	-1	0	0	75	0	0	0	0	0	0	0	0	1	0	0	0	0	0	0	1
76	"бзРЧЩСЕчСД"	110	60	50	20	6	1500	0	0	-1	0	0	0	0	0	0	0	2	2	2	1	1	2	1	0	0	0	0	0
77	"ЮогАМ§"	0	0	50	10	6	200	0	0	-1	0	0	0	0	0	0	0	0	0	2	0	0	0	0	0	0	1	0	0
78	"Л№Юша§Зч"	102	130	45	10	6	0	32	70	-1	0	0	0	0	0	0	0	0	0	0	0	1	0	0	0	0	0	0	1
79	"аЧБЌ"	0	0	0	0	2	0	0	0	-1	0	0	0	0	0	0	0	0	0	0	0	1	0	0	0	0	0	0	0
200	"ЙжЮяейЛН"	0	0	40	0	0	0	90	0	-1	0	0	0	0	0	0	0	0	0	0	0	0	0	0	0	0	0	0	0
201	"ФЇЗЈЙЅЛїУтвп"	0	0	40	0	0	0	90	0	-1	0	0	0	0	0	0	0	0	0	0	0	0	0	0	0	0	0	0	0
202	"ЮяРэЙЅЛїУтвп"	0	0	40	0	0	0	90	0	-1	0	0	0	0	0	0	0	0	0	0	0	0	0	0	0	0	0	0	0
203	"зЃИЃвЉЫЎ"	0	0	40	0	0	0	90	0	-1	0	0	0	0	0	0	0	0	0	0	0	0	0	0	0	0	0	0	0
204	"СщЛъвЉЫЎ"	0	0	40	0	0	0	90	0	-1	0	0	0	0	0	0	0	0	0	0	0	0	0	0	0	0	0	0	0
210	"БЃЛЄжфгя"	0	0	30	0	0	0	0	0	0	0	0	0	5	0	0	0	1	1	1	1	1	1	0	0	0	1	0	0
211	"ЪјИПжфгя"	0	0	30	0	3	0	0	0	0	0	0	0	5	0	0	0	1	1	1	1	1	1	0	0	0	2	0	0
212	"зЗзйжфгя"	0	0	30	0	0	0	0	0	0	0	0	0	10	0	0	0	1	1	1	1	1	1	0	0	0	0	0	0
213	"ИЏЪДжфгя"	0	0	30	0	3	0	0	0	0	0	0	0	5	0	0	0	1	1	1	1	1	1	0	0	0	0	0	0
214	"ЩуЛъжф"	35	35	50	0	6	0	93	0	-1	0	0	0	0	0	0	0	0	0	0	0	0	1	0	0	0	0	0	0
215	"СДРзжф"	75	70	85	0	6	0	75	0	2	0	0	0	0	0	0	0	0	0	0	0	0	1	0	0	0	0	0	2
217	"ЩЫКІЗДЩф"	80	0	40	10	5	5000	111	0	-1	0	0	0	0	0	0	0	0	0	0	0	0	1	0	0	0	1	0	0
218	"ПёБЉЪѕ"	83	0	100	50	5	5000	181	0	-1	0	0	0	0	0	0	0	0	0	0	0	0	1	0	0	0	1	0	0
219	"ЛшЫЏЪѕ"	40	0	20	3	6	0	100	0	-1	0	0	0	0	0	0	0	0	0	0	0	0	1	0	0	0	2	0	0
221	"ащШѕеѓ"	93	0	50	15	6	4000	173	0	-1	0	0	0	0	0	0	0	0	0	0	0	0	1	0	0	0	0	0	0
222	"ЦЦгљеѓ"	111	0	70	15	6	4000	201	0	-1	0	0	0	0	0	0	0	0	0	0	0	0	1	0	0	0	0	0	0
223	"БЌСбЛї"	50	40	90	5	6	4000	100	0	3	0	0	0	0	0	0	0	0	0	0	0	0	1	0	0	0	0	0	4
224	"АВЛъУжШі"	75	65	110	10	6	4000	99	0	5	0	0	0	0	0	0	0	0	0	0	0	0	1	0	0	0	0	1	4
225	"ЮлШО"	85	80	120	15	6	4000	115	0	2	0	0	0	0	0	0	0	0	0	0	0	0	1	0	0	0	0	1	4
230	"СвЙтЩС"	93	95	115	7	6	0	216	0	2	0	0	0	0	0	0	0	0	0	0	0	0	1	0	0	0	0	0	2
232	"жТУќвЛЛї"	100	110	30	24	5	0	0	0	0	0	0	0	0	0	0	0	0	2	0	0	0	0	0	0	0	0	0	1
233	"ЗЈЩёИНЬх"	220	0	200	50	6	0	118	0	-1	0	0	0	0	0	0	0	2	0	0	0	0	0	0	0	0	1	0	0
234	"ЗРЛЄжЕЛжИД"	100	0	40	10	6	0	37	0	-1	0	0	0	0	0	0	0	0	0	2	0	0	0	0	0	0	3	0	0
235	"ЮхжиМ§"	100	40	10	7	6	0	0	0	-1	0	0	0	0	0	0	0	0	0	2	0	0	0	0	0	0	0	0	1
236	"Л№НЃЯЎ"	100	140	20	25	3	0	0	0	3	0	0	0	0	0	0	0	0	0	0	1	0	0	0	0	0	0	0	1
237	"ЩСЕчКфЖЅ"	220	110	120	10	6	0	118	0	5	0	0	0	0	0	0	0	0	0	0	1	0	0	0	0	0	0	0	2
238	"КкАЕжЎСІ"	100	190	50	15	6	0	16	0	-1	0	0	0	0	0	0	0	0	0	0	0	1	0	0	0	0	0	0	1
239	"ЩњЛъЙуГЁздБЌММФм"	100	140	20	25	3	0	0	0	3	0	0	0	0	0	0	0	0	0	0	1	0	0	0	0	0	0	0	0
260	"гФкЄЧрРЧШ­"	0	0	9	0	2	0	0	0	4	0	0	0	0	0	0	0	0	0	0	0	0	0	1	0	0	0	1	1
261	"ЖЗЦјБЌСбШ­"	0	0	9	0	2	0	0	0	3	0	0	0	0	0	0	0	0	0	0	0	0	0	1	0	0	0	1	1
262	"Лиа§Ьп"	0	0	15	20	4	700	0	0	0	0	0	0	0	0	0	0	0	0	0	0	0	0	1	0	0	0	0	1
263	"гФкЄЙтЫйШ­"	0	0	70	0	8	0	0	0	5	0	0	0	0	0	0	0	0	0	0	0	0	0	1	0	0	0	0	1
264	"бзСњШ­"	0	0	50	30	3	700	0	0	4	0	0	0	0	0	0	0	0	0	0	0	0	0	1	0	0	0	0	0
265	"ЪШбЊжЎСњ"	200	0	100	100	4	3000	0	0	5	0	0	0	0	0	0	0	0	0	0	0	0	0	1	0	0	0	0	0
266	"ЖЗЩё-ЦЦ"	120	0	50	10	3	0	80	0	-1	0	0	0	0	0	0	0	0	0	0	0	0	0	1	0	0	1	0	0
267	"ЖЗЩё-Уќ"	80	0	50	10	7	0	35	0	-1	0	0	0	0	0	0	0	0	0	0	0	0	0	1	0	0	1	0	0
268	"ЖЗЩё-гљ"	50	0	50	10	7	0	30	0	-1	0	0	0	0	0	0	0	0	0	0	0	0	0	1	0	0	1	0	0
269	"ГхЗц"	0	90	20	15	4	0	0	0	-1	0	0	0	0	0	0	0	0	0	0	0	0	0	1	0	0	0	0	1
270	"ЩёЪЅЦја§"	0	0	30	0	4	1200	0	0	4	0	0	0	0	0	0	0	0	0	0	0	0	0	1	0	0	0	1	1
300	"МѕЩйФЭОУ (1)"	0	17	0	0	0	0	0	0	-1	0	3	0	0	0	0	0	3	3	3	3	3	3	0	1	0	0	0	0
301	"PVPЗРгљТЪЬсИп"	0	12	0	0	0	0	0	0	-1	0	3	0	0	0	0	0	3	3	3	3	3	3	0	1	1	0	0	0
302	"ЬсИпзюДѓSD"	0	13	0	0	0	0	0	0	-1	0	3	0	0	0	0	0	3	3	3	3	3	3	0	2	2	0	0	0
303	"ФЇЗЈжЕздЖЏЛжИДСІЬсИп"	0	7	0	0	0	0	0	0	-1	0	3	0	0	0	0	0	3	3	3	3	3	3	0	2	3	0	0	0
304	"ЖОЕжПЙСІЬсИп"	0	1	0	0	0	0	0	0	1	0	3	0	0	0	0	0	3	3	3	3	3	3	0	2	4	0	0	0
305	"МѕЩйФЭОУ (2)"	0	17	0	0	0	0	0	0	-1	0	3	0	0	0	0	0	3	3	3	3	3	3	0	3	5	0	0	0
306	"SDздЖЏЛжИДСІЬсИп"	0	1	0	0	0	0	0	0	-1	0	3	0	0	0	0	0	3	3	3	3	3	3	0	3	6	0	0	0
307	"ЩњУќжЕздЖЏЛжИДСІЬсИп"	0	1	0	0	0	0	0	0	-1	0	3	0	0	0	0	0	3	3	3	3	3	3	0	3	7	0	0	0
308	"РзЕжПЙСІЬсИп"	0	1	0	0	0	0	0	0	2	0	3	0	0	0	0	0	3	3	3	3	3	3	0	3	8	0	0	0
309	"ЗРгљСІдіМг"	0	16	0	0	0	0	0	0	-1	0	3	0	0	0	0	0	3	3	3	3	3	3	0	4	9	0	0	0
310	"AGжЕздЖЏЛжИДСІЬсИп"	0	1	0	0	0	0	0	0	-1	0	3	0	0	0	0	0	3	3	3	3	3	3	0	4	10	0	0	0
311	"БљЕжПЙСІЬсИп"	0	1	0	0	0	0	0	0	0	0	3	0	0	0	0	0	3	3	3	3	3	3	0	4	11	0	0	0
312	"МѕЩйФЭОУ (3)"	0	17	0	0	0	0	0	0	-1	0	3	0	0	0	0	0	3	3	3	3	3	3	0	5	12	0	0	0
313	"ЗРгљГЩЙІТЪЬсИп"	0	1	0	0	0	0	0	0	-1	0	3	0	0	0	0	0	3	3	3	3	3	3	0	5	13	0	0	0
314	"ЪЉеЙЮоЕа"	0	1	0	0	0	0	0	0	-1	0	3	0	0	0	0	0	3	3	3	3	3	3	0	6	14	0	0	0
315	"ЬззАЗРгљСІдіМг"	0	3	0	0	0	0	0	0	-1	0	3	0	0	0	0	0	3	3	3	3	3	3	0	6	15	0	0	0
316	"ИДГ№"	0	1	0	0	0	0	0	0	-1	0	3	0	0	0	0	0	3	3	3	3	3	3	0	6	16	0	0	0
317	"жЧСІЪєаддіМг"	0	17	0	0	0	0	0	0	-1	0	3	0	0	0	0	0	3	3	3	3	3	3	0	7	17	0	0	0
318	"ЬхСІЪєаддіМг"	0	17	0	0	0	0	0	0	-1	0	3	0	0	0	0	0	3	3	3	3	3	3	0	7	18	0	0	0
319	"УєНнЪєаддіМг"	0	17	0	0	0	0	0	0	-1	0	3	0	0	0	0	0	3	3	3	3	3	3	0	7	19	0	0	0
320	"СІСПЪєаддіМг"	0	17	0	0	0	0	0	0	-1	0	3	0	0	0	0	0	3	3	3	3	3	3	0	7	20	0	0	0
321	"БЉЗчжЎвэЮќЪеЧПЛЏ"	0	1	0	0	0	0	0	0	-1	0	3	0	0	0	0	0	0	3	0	0	0	0	0	8	21	0	0	0
322	"БЉЗчжЎвэЗРгљЧПЛЏ"	0	17	0	0	0	0	0	0	-1	0	3	0	0	0	0	0	0	3	0	0	0	0	0	8	22	0	0	0
323	"ЪЉеЙЮоЕа"	0	1	0	0	0	0	0	0	-1	0	4	0	0	0	0	0	3	3	3	3	3	3	3	6	14	0	0	0
324	"БЉЗчжЎвэЙЅЛїЧПЛЏ"	0	17	0	0	0	0	0	0	-1	0	3	0	0	0	0	0	0	3	0	0	0	0	0	9	24	0	0	0
325	"ЙЅЛїГЩЙІТЪЬсИп"	0	13	0	0	0	0	0	0	-1	0	3	0	0	0	0	0	3	3	3	3	3	3	0	1	25	0	0	0
326	"а§ЗчеЖЧПЛЏ"	0	22	9	0	2	0	0	0	-1	0	4	22	0	0	0	0	0	3	0	0	0	0	0	2	26	0	1	1
327	"ЬьЕиЪЎзжНЃЧПЛЏ"	0	3	10	0	2	0	0	0	-1	0	4	23	0	0	0	0	0	3	0	0	0	0	0	2	27	0	1	1
328	"ЕиСбеЖЧПЛЏ"	0	3	9	0	3	0	0	0	-1	0	4	19	0	0	0	0	0	3	0	0	0	0	0	2	28	0	1	1
329	"бРЭЛДЬЧПЛЏ"	0	3	9	0	2	0	0	0	-1	0	4	20	0	0	0	0	0	3	0	0	0	0	0	2	29	0	1	1
330	"ХљіЈЛиа§еЖЧПЛЏ"	0	3	10	10	2	0	0	0	-1	0	4	41	0	0	0	0	0	3	0	0	0	0	0	3	30	0	0	1
331	"РзіЊСбЩСЧПЛЏ"	170	22	25	22	3	0	0	0	-1	0	4	42	0	0	0	0	0	3	0	0	0	0	0	3	31	0	0	1
332	"ХљіЈЛиа§еЖОЋЭЈ"	0	1	22	20	2	0	0	0	-1	0	4	330	0	0	0	0	0	3	0	0	0	0	0	4	32	0	0	0
333	"РзіЊСбЩСОЋЭЈ"	170	1	50	30	3	0	0	0	4	0	4	331	0	0	0	0	0	3	0	0	0	0	0	4	33	0	0	0
334	"зюДѓЩњУќСІ діМг"	0	9	0	0	0	0	0	0	-1	0	3	0	0	0	0	0	3	3	3	3	3	3	0	4	34	0	0	0
335	"ЮфЦїОЋЭЈ"	0	22	0	0	0	0	0	0	-1	0	3	0	0	0	0	0	0	3	0	0	0	0	0	4	35	0	0	0
336	"ЯЎЗчДЬЧПЛЏ"	160	22	15	13	2	0	0	0	5	0	4	43	0	0	0	0	0	3	0	0	0	0	0	5	36	0	0	1
337	"жТУќвЛЛїЧПЛЏ"	100	22	30	24	5	0	0	0	0	0	4	232	0	0	0	0	0	3	0	0	0	0	0	5	37	0	0	1
338	"зюДѓФЇЗЈжЕдіМг"	0	9	0	0	0	0	0	0	-1	0	3	0	0	0	0	0	3	3	3	3	3	3	0	5	38	0	0	0
339	"ЯЎЗчДЬЪьСЗ"	160	7	30	26	2	0	0	0	5	0	4	336	0	0	0	0	0	3	0	0	0	0	0	6	39	0	0	0
340	"жТУќвЛЛїЪьСЗ"	100	7	30	24	5	0	0	0	0	0	4	337	0	0	0	0	0	3	0	0	0	0	0	6	40	0	0	0
341	"зюДѓAG діМг"	0	8	0	0	0	0	0	0	-1	0	3	0	0	0	0	0	3	3	3	3	3	3	0	6	41	0	0	0
342	"ЯЎЗчДЬОЋЭЈ"	160	7	30	26	2	0	0	0	5	0	4	339	0	0	0	0	0	3	0	0	0	0	0	7	42	0	0	0
343	"жТУќвЛЛїОЋЭЈ"	100	1	30	24	5	0	0	0	0	0	4	340	0	0	0	0	0	3	0	0	0	0	0	7	43	0	0	0
344	"бЊаШЗчБЉ"	0	25	87	29	3	10000	0	0	-1	0	4	0	0	0	0	0	0	3	0	3	0	0	0	8	44	0	0	0
345	"СЌЛїЧПЛЏ"	0	7	0	0	0	0	0	0	-1	0	3	0	0	0	0	0	0	3	0	0	0	0	0	8	45	0	0	0
346	"бЊаШЗчБЉЧПЛЏ"	0	22	87	29	3	10000	0	0	-1	0	4	344	0	0	0	0	0	3	0	3	0	0	0	9	46	0	0	1
347	"PVPЙЅЛїТЪЬсИп"	0	14	0	0	0	0	0	0	-1	0	3	0	0	0	0	0	3	3	3	3	3	3	0	1	47	0	0	0
348	"ЫЋЪжНЃЧПЛЏ"	0	4	0	0	0	0	0	0	-1	0	3	0	0	0	0	0	0	3	0	3	0	0	0	2	48	0	0	1
349	"ЕЅЪжНЃЧПЛЏ"	0	22	0	0	0	0	0	0	-1	0	3	0	0	0	0	0	0	3	0	3	0	0	0	2	49	0	0	1
350	"ЖлЦїРрЧПЛЏ"	0	3	0	0	0	0	0	0	-1	0	3	0	0	0	0	0	0	3	0	0	0	0	0	2	50	0	0	1
351	"ЧЙРрЧПЛЏ"	0	3	0	0	0	0	0	0	-1	0	3	0	0	0	0	0	0	3	0	0	0	0	0	2	51	0	0	1
352	"ЫЋЪжНЃОЋЭЈ"	0	5	0	0	0	0	0	0	-1	0	3	0	0	0	0	0	0	3	0	3	0	0	0	3	52	0	0	0
353	"ЕЅЪжНЃОЋЭЈ"	0	23	0	0	0	0	0	0	-1	0	3	0	0	0	0	0	0	3	0	3	0	0	0	3	53	0	0	0
354	"ЖлЦїРрОЋЭЈ"	0	1	0	0	0	0	0	0	-1	0	3	0	0	0	0	0	0	3	0	0	0	0	0	3	54	0	0	0
355	"ЧЙРрОЋЭЈ"	0	1	0	0	0	0	0	0	-1	0	3	0	0	0	0	0	0	3	0	0	0	0	0	3	55	0	0	0
356	"ЩњУќжЎЙтЧПЛЏ"	120	7	24	26	0	0	0	0	-1	0	4	48	0	0	0	0	0	3	0	0	0	0	0	4	56	1	0	0
357	"ФЇЗЈжЕМѕЩй"	0	18	0	0	0	0	0	0	-1	0	3	0	0	0	0	0	3	3	3	3	3	3	0	4	57	0	0	0
358	"ЩБЙжЪБSDЛжИД"	0	11	0	0	0	0	0	0	-1	0	3	0	0	0	0	0	3	3	3	3	3	3	0	4	58	0	0	0
359	"ЩБЙжЪБЩњУќСІЛжИД"	0	6	0	0	0	0	0	0	-1	0	3	0	0	0	0	0	3	3	3	3	3	3	0	4	59	0	0	0
360	"ЩњУќжЎЙтЪьСЗ"	120	7	26	28	0	0	0	0	-1	0	4	356	0	0	0	0	0	3	0	0	0	0	0	5	60	1	0	0
361	"зюаЁЙЅЛїСІЬсИп"	0	22	0	0	0	0	0	0	-1	0	3	0	0	0	0	0	0	3	0	3	3	0	0	5	61	0	0	1
362	"ЩБЙжЪБФЇЗЈжЕЛжИД"	0	6	0	0	0	0	0	0	-1	0	3	0	0	0	0	0	3	3	3	3	3	3	0	5	62	0	0	0
363	"ЩњУќжЎЙтОЋЭЈ"	120	7	28	30	0	0	0	0	-1	0	4	360	0	0	0	0	0	3	0	0	0	0	0	6	63	1	0	0
364	"зюДѓЙЅЛїСІЬсИп"	0	3	0	0	0	0	0	0	-1	0	3	0	0	0	0	0	0	3	0	3	3	0	0	6	64	0	0	1
366	"жТУќвЛЛїМИТЪЬсИп"	0	7	0	0	0	0	0	0	-1	0	3	0	0	0	0	0	3	3	3	3	3	3	0	6	66	0	0	0
367	"ФЇЗЈжЕЭъШЋЛжИД"	0	1	0	0	0	0	0	0	-1	0	3	0	0	0	0	0	3	3	3	3	3	3	0	7	67	0	0	0
368	"ЩњУќСІЭъШЋЛжИД"	0	1	0	0	0	0	0	0	-1	0	3	0	0	0	0	0	3	3	3	3	3	3	0	7	68	0	0	0
369	"зПдНвЛЛїМИТЪЬсИп"	0	1	0	0	0	0	0	0	-1	0	3	0	0	0	0	0	3	3	3	3	3	3	0	7	69	0	0	0
370	"ЫЋБЖЙЅЛїМИТЪЬсИп"	0	1	0	0	0	0	0	0	-1	0	3	0	0	0	0	0	3	3	3	3	3	3	0	8	70	0	0	0
371	"ЮоЪгЗРгљМИТЪЬсИп"	0	1	0	0	0	0	0	0	-1	0	3	0	0	0	0	0	3	3	3	3	3	3	0	8	71	0	0	0
372	"SDЭъШЋЛжИД"	0	1	0	0	0	0	0	0	-1	0	3	0	0	0	0	0	3	3	3	3	3	3	0	8	72	0	0	0
373	"Ш§БЖЙЅЛїМИТЪЬсИп"	0	1	0	0	0	0	0	0	-1	0	3	0	0	0	0	0	3	3	3	3	3	3	0	9	73	0	0	0
374	"ЪБПежЎвэЮќЪеЧПЛЏ"	0	1	0	0	0	0	0	0	-1	0	3	0	0	0	0	0	3	0	0	0	0	0	0	8	74	0	0	0
375	"ЪБПежЎвэЗРгљЧПЛЏ"	0	17	0	0	0	0	0	0	-1	0	3	0	0	0	0	0	3	0	0	0	0	0	0	8	75	0	0	0
377	"ЪБПежЎвэЙЅЛїЧПЛЏ"	0	17	0	0	0	0	0	0	-1	0	3	0	0	0	0	0	3	0	0	0	0	0	0	9	77	0	0	0
378	"Л№СњЧПЛЏ"	35	3	55	0	6	0	100	0	3	0	4	5	0	0	0	0	3	0	0	0	0	0	0	2	78	0	0	2
379	"еЦаФРзЧПЛЏ"	13	3	20	0	6	0	100	0	2	0	4	3	0	0	0	0	3	0	0	0	0	0	0	2	79	0	0	2
380	"ЗЈЩёИНЬхЧПЛЏ"	220	1	220	55	6	0	118	0	-1	0	4	233	0	0	0	0	3	0	0	0	0	0	0	2	80	1	0	2
381	"ЛйУ№СвбцЧПЛЏ"	88	22	220	0	0	0	200	0	3	0	4	14	0	0	0	0	3	0	0	0	0	0	0	3	81	0	0	2
382	"БЌбзЧПЛЏ"	80	22	165	0	3	0	150	0	2	0	4	13	0	0	0	0	3	0	0	0	0	0	0	3	82	0	0	2
383	"ЗЈЩёИНЬхОЋЭЈ"	220	1	220	55	6	0	118	0	-1	0	4	380	0	0	0	0	3	0	0	0	0	0	0	3	83	1	0	0
384	"ЖОжфЧПЛЏ"	30	3	46	0	6	0	100	0	1	0	4	1	0	0	0	0	3	0	0	0	0	0	0	3	84	0	0	2
385	"КкСњВЈЧПЛЏ"	50	22	108	0	6	0	100	0	-1	0	4	9	0	0	0	0	3	0	0	0	0	0	0	4	85	0	0	2
386	"ФЇЗЈОЋЭЈ"	50	22	0	0	0	0	0	0	-1	0	3	0	0	0	0	0	3	0	0	0	0	0	0	4	86	0	0	2
387	"ЖОбзЧПЛЏ"	96	22	120	10	6	0	243	0	1	0	4	38	0	0	0	0	3	0	0	0	0	0	0	4	87	0	0	2
388	"ЕигќЛ№ЧПЛЏ"	60	3	176	0	0	0	100	0	3	0	4	10	0	0	0	0	3	0	0	0	0	0	0	5	88	0	0	2
389	"БљЗтЪѕЧПЛЏ"	25	3	42	0	6	0	100	0	0	0	4	7	0	0	0	0	3	0	0	0	0	0	0	5	89	0	0	2
390	"дЩЪЏЧПЛЏ"	21	4	13	0	6	0	100	0	4	0	4	2	0	0	0	0	3	0	0	0	0	0	0	6	90	0	0	2
391	"БЉЗчбЉЧПЛЏ"	93	22	110	5	6	0	223	0	0	0	4	39	0	0	0	0	3	0	0	0	0	0	0	6	91	0	0	2
392	"ЛйУ№СвбцЧПЛЏ"	100	22	198	49	6	0	258	0	3	0	4	40	0	0	0	0	3	0	0	0	0	0	0	7	92	0	0	2
393	"БЉЗчбЉОЋЭЈ"	93	1	110	5	6	0	223	0	0	0	4	391	0	0	0	0	3	0	0	0	0	0	0	7	93	0	0	0
394	"дЩЪЏОЋЭЈ"	21	1	14	0	6	0	100	0	4	0	4	390	0	0	0	0	3	0	0	0	0	0	0	8	95	0	0	0
395	"ЛйУ№СвбцЧПЛЏЪЉеЙПЊЪМ"	100	22	198	49	6	0	258	0	3	0	4	58	0	0	0	0	3	0	0	0	0	0	0	7	92	0	0	2
397	"ЕЅЪжеШЧПЛЏ"	0	22	0	0	0	0	0	0	-1	0	3	0	0	0	0	0	3	0	0	3	0	0	0	2	97	0	0	2
398	"ЫЋЪжеШЧПЛЏ"	0	4	0	0	0	0	0	0	-1	0	3	0	0	0	0	0	3	0	0	3	0	0	0	2	98	0	0	2
399	"ЖмХЦЧПЛЏ"	0	10	0	0	0	0	0	0	-1	0	3	0	0	0	0	0	3	0	0	0	0	0	0	2	99	0	0	0
400	"ЕЅЪжеШОЋЭЈ"	0	23	0	0	0	0	0	0	-1	0	3	0	0	0	0	0	3	0	0	3	0	0	0	3	100	0	0	0
401	"ЫЋЪжеШОЋЭЈ"	0	5	0	0	0	0	0	0	-1	0	3	0	0	0	0	0	3	0	0	3	0	0	0	3	101	0	0	0
402	"ЖмХЦОЋЭЈ"	0	17	0	0	0	0	0	0	-1	0	3	0	0	0	0	0	3	0	0	0	0	0	0	3	102	0	0	0
403	"ЪиЛЄжЎЛъЧПЛЏ"	77	7	77	24	6	0	126	0	-1	0	4	16	0	0	0	0	3	0	0	0	0	0	0	4	103	1	0	0
404	"ЪиЛЄжЎЛъЪьСЗ"	77	10	84	26	6	0	126	0	-1	0	4	403	0	0	0	0	3	0	0	0	0	0	0	5	104	1	0	0
405	"зюаЁФЇЗЈЙЅЛїСІЬсИп"	0	22	0	0	0	0	0	0	-1	0	3	0	0	0	0	0	3	0	0	3	0	0	0	5	105	0	0	2
406	"ЪиЛЄжЎЛъОЋЭЈ"	77	7	92	28	6	0	126	0	-1	0	4	404	0	0	0	0	3	0	0	0	0	0	0	6	106	1	0	0
407	"зюДѓФЇЗЈжЕЬсИп"	0	3	0	0	0	0	0	0	-1	0	3	0	0	0	0	0	3	0	0	3	0	0	0	6	107	0	0	2
409	"ЛУгАжЎвэЮќЪеЧПЛЏ"	0	1	0	0	0	0	0	0	-1	0	3	0	0	0	0	0	0	0	3	0	0	0	0	8	109	0	0	0
410	"ЛУгАжЎвэЗРгљЧПЛЏ"	0	17	0	0	0	0	0	0	-1	0	3	0	0	0	0	0	0	0	3	0	0	0	0	8	110	0	0	0
411	"ЮхжиМ§ЧПЛЏ"	100	22	11	7	6	0	0	0	-1	0	4	235	0	0	0	0	0	0	3	0	0	0	0	6	111	0	0	1
412	"ЛУгАжЎвэЙЅЛїЧПЛЏ"	0	17	0	0	0	0	0	0	-1	0	3	0	0	0	0	0	0	0	3	0	0	0	0	9	112	0	0	0
413	"жЮСЦЧПЛЏ"	8	22	22	0	6	0	100	0	-1	0	4	26	0	0	0	0	0	0	3	0	0	0	0	2	113	3	0	4
414	"ЖржиМ§ЧПЛЏ"	0	22	5	0	6	0	0	0	-1	0	4	24	0	0	0	0	0	0	3	0	0	0	0	2	114	0	1	1
415	"ейЛНЪоЧПЛЏ (1)"	0	16	0	0	0	0	0	0	-1	0	3	0	0	0	0	0	0	0	3	0	0	0	0	2	115	0	0	0
416	"ДЉЭИМ§ЧПЛЏ"	130	22	10	11	6	0	0	0	5	0	4	52	0	0	0	0	0	0	3	0	0	0	0	3	116	0	0	1
417	"ЗРгљСІЬсИпЧПЛЏ"	13	22	33	0	6	0	100	0	-1	0	4	27	0	0	0	0	0	0	3	0	0	0	0	3	117	1	0	4
418	"ЖржиМ§ОЋЭЈ"	0	0	9	0	6	0	0	0	-1	0	4	414	0	0	0	0	0	0	3	0	0	0	0	3	118	0	1	0
419	"ейЛНЪоЧПЛЏ (2)"	0	16	0	0	0	0	0	0	-1	0	3	0	0	0	0	0	0	0	3	0	0	0	0	3	119	0	0	0
420	"ЙЅЛїСІЬсИпЧПЛЏ"	18	22	44	0	6	0	100	0	-1	0	4	28	0	0	0	0	0	0	3	0	0	0	0	4	120	1	0	4
421	"ЮфЦїОЋЭЈ"	0	22	0	0	0	0	0	0	-1	0	3	0	0	0	0	0	0	0	3	0	0	0	0	4	121	0	0	1
422	"ЙЅЛїСІЬсИпОЋЭЈ"	18	22	48	0	6	0	100	0	-1	0	4	420	0	0	0	0	0	0	3	0	0	0	0	5	122	1	0	4
423	"ЗРгљСІЬсИпОЋЭЈ"	13	22	36	0	6	0	100	0	-1	0	4	417	0	0	0	0	0	0	3	0	0	0	0	5	123	1	0	4
424	"БљМ§ЧПЛЏ"	0	22	15	18	8	0	0	0	0	0	4	51	0	0	0	0	0	0	3	0	0	0	0	5	124	0	0	1
425	"Ч§ЩЂ"	0	0	72	10	6	3000	0	0	-1	0	4	0	0	0	0	0	0	0	3	0	0	0	0	6	125	1	0	0
426	"зщЖгжЮСЦ"	0	0	66	12	6	10000	100	0	-1	0	4	0	0	0	0	0	0	0	3	0	0	0	0	7	126	3	0	4
427	"ЖОМ§"	0	27	22	27	6	10000	0	0	1	0	4	0	0	0	0	0	0	0	3	0	0	0	0	8	127	2	0	0
428	"ейЛНЪоЧПЛЏ (3)"	0	16	0	0	0	0	0	0	-1	0	3	0	0	0	0	0	0	0	3	0	0	0	0	7	128	0	0	0
429	"зщЖгжЮСЦЧПЛЏ"	0	22	72	13	6	10000	100	0	-1	0	4	426	0	0	0	0	0	0	3	0	0	0	0	8	129	3	0	4
430	"зЃИЃ"	0	0	108	18	6	3000	100	0	-1	0	4	0	0	0	0	0	0	0	3	0	0	0	0	8	130	1	0	4
431	"ЮхжиМ§ОЋЭЈ"	100	1	12	8	6	0	0	0	-1	0	4	411	0	0	0	0	0	0	3	0	0	0	0	7	243	0	0	0
432	"ШјЕЯТхЫЙейЛН"	0	0	525	52	0	0	280	0	-1	0	4	0	0	0	0	0	0	0	3	0	0	0	0	8	132	0	0	0
433	"зЃИЃЧПЛЏ"	0	10	118	20	6	3000	100	0	-1	0	4	430	0	0	0	0	0	0	3	0	0	0	0	9	133	1	0	4
434	"ЖОМ§ЧПЛЏ"	0	22	24	29	6	10000	0	0	1	0	4	427	0	0	0	0	0	0	3	0	0	0	0	9	131	0	0	1
435	"Й­РрЧПЛЏ"	0	22	0	0	0	0	0	0	-1	0	3	0	0	0	0	0	0	0	3	0	0	0	0	2	135	0	0	1
436	"хѓРрЧПЛЏ"	0	3	0	0	0	0	0	0	-1	0	3	0	0	0	0	0	0	0	3	0	0	0	0	2	136	0	0	1
437	"ЖмХЦРрЧПЛЏ"	0	10	0	0	0	0	0	0	-1	0	3	0	0	0	0	0	0	0	3	0	0	0	0	2	137	0	0	0
438	"Й­РрОЋЭЈ"	0	23	0	0	0	0	0	0	-1	0	3	0	0	0	0	0	0	0	3	0	0	0	0	3	138	0	0	0
439	"хѓРрЧПЛЏ"	0	5	0	0	0	0	0	0	-1	0	3	0	0	0	0	0	0	0	3	0	0	0	0	3	139	0	0	0
440	"ЖмХЦРрОЋЭЈ"	0	15	0	0	0	0	0	0	-1	0	3	0	0	0	0	0	0	0	3	0	0	0	0	3	140	0	0	0
441	"ЮогАМ§ЧПЛЏ"	220	1	55	11	6	200	0	0	-1	0	4	77	0	0	0	0	0	0	3	0	0	0	0	5	141	1	0	0
442	"зюаЁЙЅЛїСІЬсИп"	0	22	0	0	0	0	0	0	-1	0	3	0	0	0	0	0	0	0	3	0	0	0	0	5	61	0	0	1
443	"зюДѓЙЅЛїСІЬсИп"	0	3	0	0	0	0	0	0	-1	0	3	0	0	0	0	0	0	0	3	0	0	0	0	6	143	0	0	1
445	"ДЮдЊжЎвэЮќЪеЧПЛЏ"	0	1	0	0	0	0	0	0	-1	0	3	0	0	0	0	0	0	0	0	0	0	3	0	8	145	0	0	0
446	"ДЮдЊжЎвэЗРгљЧПЛЏ"	0	17	0	0	0	0	0	0	-1	0	3	0	0	0	0	0	0	0	0	0	0	3	0	8	146	0	0	0
447	"ДЮдЊжЎвэЙЅЛїЧПЛЏ"	0	17	0	0	0	0	0	0	-1	0	3	0	0	0	0	0	0	0	0	0	0	3	0	9	147	0	0	0
448	"Л№ЪєаджЎЪщЧПЛЏ"	0	3	0	0	0	0	0	0	3	0	3	0	0	0	0	0	0	0	0	0	0	3	0	2	148	0	0	3
449	"ЗчЪєаджЎЪщЧПЛЏ"	0	3	0	0	0	0	0	0	5	0	3	0	0	0	0	0	0	0	0	0	0	3	0	2	149	0	0	3
450	"РзЪєаджЎЪщЧПЛЏ"	0	3	0	0	0	0	0	0	2	0	3	0	0	0	0	0	0	0	0	0	0	3	0	2	150	0	0	3
451	"Л№ЪєаджЎЪщОЋЭЈ"	0	7	0	0	0	0	0	0	3	0	3	0	0	0	0	0	0	0	0	0	0	3	0	3	151	2	0	0
452	"ЗчЪєаджЎЪщОЋЭЈ"	0	1	0	0	0	0	0	0	-1	0	3	0	0	0	0	0	0	0	0	0	0	3	0	3	152	0	0	0
453	"РзЪєаджЎЪщОЋЭЈ"	0	7	0	0	0	0	0	0	2	0	3	0	0	0	0	0	0	0	0	0	0	3	0	3	153	0	0	0
454	"ЛшЫЏЪѕЧПЛЏ"	40	1	30	7	6	0	100	0	-1	0	4	219	0	0	0	0	0	0	0	0	0	3	0	3	154	2	0	0
455	"СДРзжфЧПЛЏ"	75	22	103	0	6	0	75	0	2	0	4	215	0	0	0	0	0	0	0	0	0	3	0	4	155	0	0	2
456	"СвЙтЩСЧПЛЏ"	93	22	125	10	6	0	216	0	2	0	4	230	0	0	0	0	0	0	0	0	0	3	0	4	156	0	0	2
457	"ФЇЗЈОЋЭЈ"	0	22	0	0	0	0	0	0	-1	0	3	0	0	0	0	0	0	0	0	0	0	3	0	5	157	0	0	0
458	"ЩуЛъжфЧПЛЏ"	35	22	57	0	6	0	93	0	-1	0	4	214	0	0	0	0	0	0	0	0	0	3	0	5	158	0	0	0
459	"ащШѕеѓЧПЛЏ"	93	3	55	17	6	4000	173	0	-1	0	4	221	0	0	0	0	0	0	0	0	0	3	0	7	159	2	0	0
460	"ЦЦгљеѓЧПЛЏ"	111	3	77	17	6	4000	201	0	-1	0	4	222	0	0	0	0	0	0	0	0	0	3	0	6	160	2	0	0
461	"УЩблЩЗ"	0	0	115	25	3	10000	201	0	-1	0	4	0	0	0	0	0	0	0	0	0	0	3	0	8	161	2	0	0
462	"ЩуЛъжфОЋЭЈ"	35	17	62	0	6	0	93	0	-1	0	4	458	0	0	0	0	0	0	0	0	0	3	0	7	162	2	0	0
463	"УЩблЩЗЧПЛЏ"	0	1	126	27	3	10000	201	0	-1	0	4	461	0	0	0	0	0	0	0	0	0	3	0	9	163	2	0	0
465	"ЗЈеШЧПЛЏ"	0	22	0	0	0	0	0	0	-1	0	3	0	0	0	0	0	0	0	0	0	0	3	0	2	165	0	0	2
466	"вьНчжЎЪщЧПЛЏ"	0	3	0	0	0	0	0	0	-1	0	3	0	0	0	0	0	0	0	0	0	0	3	0	2	166	0	0	3
467	"ЗЈеШОЋЭЈ"	0	5	0	0	0	0	0	0	-1	0	3	0	0	0	0	0	0	0	0	0	0	3	0	3	167	0	0	0
468	"вьНчжЎЪщОЋЭЈ"	0	23	0	0	0	0	0	0	-1	0	3	0	0	0	0	0	0	0	0	0	0	3	0	3	168	0	0	0
469	"ПёБЉЪѕЧПЛЏ"	83	7	150	75	5	5000	181	0	-1	0	4	218	0	0	0	0	0	0	0	0	0	3	0	4	169	1	0	0
470	"ПёБЉЪѕЪьСЗ"	83	7	165	82	5	5000	181	0	-1	0	4	469	0	0	0	0	0	0	0	0	0	3	0	5	170	1	0	0
471	"зюаЁФЇЗЈЙЅЛїСІ/зчжфСІЬсИп"	0	22	0	0	0	0	0	0	-1	0	3	0	0	0	0	0	0	0	0	0	0	3	0	5	171	0	0	0
472	"ПёБЉЪѕОЋЭЈ"	83	10	181	90	5	5000	181	0	-1	0	4	470	0	0	0	0	0	0	0	0	0	3	0	6	172	1	0	0
473	"зюДѓФЇЗЈЙЅЛїСІ/зчжфСІЬсИп"	0	3	0	0	0	0	0	0	-1	0	3	0	0	0	0	0	0	0	0	0	0	3	0	6	173	0	0	0
475	"ЛйУ№жЎвэЮќЪеЧПЛЏ"	0	1	0	0	0	0	0	0	-1	0	3	0	0	0	0	0	0	0	0	3	0	0	0	8	175	0	0	0
476	"ЛйУ№жЎвэЗРгљЧПЛЏ"	0	17	0	0	0	0	0	0	-1	0	3	0	0	0	0	0	0	0	0	3	0	0	0	8	176	0	0	0
478	"ЛйУ№жЎвэЙЅЛїЧПЛЏ"	0	17	0	0	0	0	0	0	-1	0	3	0	0	0	0	0	0	0	0	3	0	0	0	9	178	0	0	0
479	"а§ЗчеЖЧПЛЏ"	0	22	9	0	2	0	0	0	-1	0	4	22	0	0	0	0	0	0	0	3	0	0	0	2	179	0	1	1
480	"еЦаФРзЧПЛЏ"	13	3	20	0	6	0	100	0	2	0	4	3	0	0	0	0	0	0	0	3	0	0	0	2	180	0	0	2
481	"ХљіЈЛиа§еЖЧПЛЏ"	0	3	10	10	2	0	0	0	-1	0	4	41	0	0	0	0	0	0	0	3	0	0	0	2	181	0	0	1
482	"ЬьРзЩСЧПЛЏ"	0	3	15	0	5	0	100	0	-1	0	4	56	0	0	0	0	0	0	0	3	0	0	0	2	182	0	1	1
483	"Л№СњЧПЛЏ"	35	3	55	0	6	0	100	0	3	0	4	5	0	0	0	0	0	0	0	3	0	0	0	3	183	0	0	2
484	"БЌбзЧПЛЏ"	80	22	165	0	3	0	150	0	2	0	4	13	0	0	0	0	0	0	0	3	0	0	0	3	184	0	0	2
485	"ЮфЦїОЋЭЈ"	0	22	0	0	0	0	0	0	-1	0	3	0	0	0	0	0	0	0	0	3	0	0	0	3	185	0	0	1
486	"ЛйУ№СвбцЧПЛЏ"	88	22	220	0	0	0	200	0	3	0	4	14	0	0	0	0	0	0	0	3	0	0	0	4	186	0	0	2
487	"КкСњВЈЧПЛЏ"	50	22	108	0	6	0	100	0	-1	0	4	9	0	0	0	0	0	0	0	3	0	0	0	4	187	0	0	2
488	"ФЇЗЈОЋЭЈ"	0	22	0	0	0	0	0	0	-1	0	3	0	0	0	0	0	0	0	0	3	0	0	0	4	188	0	0	2
489	"БљЗтЧПЛЏ"	25	3	42	0	6	0	100	0	0	0	4	7	0	0	0	0	0	0	0	3	0	0	0	5	189	0	0	2
490	"аўдТеЖЧПЛЏ"	0	22	15	22	3	0	0	0	1	0	4	55	0	0	0	0	0	0	0	3	0	0	0	5	190	2	0	1
491	"БљЗтОЋЭЈ"	25	1	46	0	6	0	100	0	0	0	4	489	0	0	0	0	0	0	0	3	0	0	0	6	246	0	0	0
492	"Л№НЃЯЎЧПЛЏ"	0	22	30	37	3	0	0	0	3	0	4	236	0	0	0	0	0	0	0	3	0	0	0	6	192	0	0	1
493	"аўдТеЖОЋЭЈ"	0	7	17	24	3	0	0	0	1	0	4	490	0	0	0	0	0	0	0	3	0	0	0	7	193	2	0	0
494	"Л№НЃЯЎОЋЭЈ"	0	7	33	40	3	0	0	0	3	0	4	492	0	0	0	0	0	0	0	3	0	0	0	7	194	0	0	0
495	"ЕиРЮЪѕ"	0	26	180	15	3	10000	127	0	4	0	4	0	0	0	0	0	3	0	0	3	0	0	0	8	197	0	0	0
496	"ЩСЕчКфЖЅЧПЛЏ"	220	22	132	11	6	0	118	0	5	0	4	237	0	0	0	0	0	0	0	3	0	0	0	7	199	0	0	2
497	"ЕиРЮЪѕЧПЛЏ"	0	22	198	17	3	10000	127	0	4	0	4	495	0	0	0	0	3	0	0	3	0	0	0	9	201	0	0	1
504	"ЕлЭѕХћЗчЮќЪеЧПЛЏ"	0	1	0	0	0	0	0	0	-1	0	3	0	0	0	0	0	0	0	0	0	3	0	0	8	204	0	0	0
505	"ЕлЭѕХћЗчЗРгљЧПЛЏ"	0	17	0	0	0	0	0	0	-1	0	3	0	0	0	0	0	0	0	0	0	3	0	0	8	205	0	0	0
506	"ЭГТЪЪєадЬсИп"	0	17	0	0	0	0	0	0	-1	0	3	0	0	0	0	0	0	0	0	0	3	0	0	8	206	0	0	0
507	"ЕлЭѕХћЗчЙЅЛїЧПЛЏ"	0	17	0	0	0	0	0	0	-1	0	3	0	0	0	0	0	0	0	0	0	3	0	0	9	207	0	0	0
508	"аЧдЦЛ№СДЧПЛЏ"	74	22	25	0	6	0	20	0	-1	0	4	61	0	0	0	0	0	0	0	0	3	0	0	2	208	0	0	1
509	"ГхЛїВЈЧПЛЏ"	0	3	15	0	4	0	0	0	-1	0	4	60	0	0	0	0	0	0	0	0	3	0	0	2	209	0	0	1
510	"КкЭѕТэЧПЛЏ"	0	17	0	0	0	0	0	0	-1	0	3	0	0	0	0	0	0	0	0	0	3	0	0	2	210	0	0	0
511	"жТУќЪЅгЁЧПЛЏ"	82	3	75	75	0	0	25	300	-1	0	4	64	0	0	0	0	0	0	0	0	3	0	0	3	211	1	0	0
512	"ЕиСбЧПЛЏ"	0	22	0	75	10	10000	0	0	2	0	4	62	0	0	0	0	0	0	0	0	3	0	0	3	212	0	0	1
513	"ЮфЦїОЋЭЈ"	0	22	0	0	0	0	0	0	-1	0	3	0	0	0	0	0	0	0	0	0	3	0	0	3	213	0	0	1
514	"аЧдЦЛ№СДОЋЭЈ"	74	1	27	0	6	0	20	0	-1	0	4	508	0	0	0	0	0	0	0	0	3	0	0	4	214	0	0	0
515	"жТУќвЛЛїдіМгЧПЛЏ (2)"	82	10	82	82	0	0	25	300	-1	0	4	511	0	0	0	0	0	0	0	0	3	0	0	4	215	1	0	0
516	"ЕиСбОЋЭЈ"	0	1	0	75	10	10000	0	0	2	0	4	512	0	0	0	0	0	0	0	0	3	0	0	4	216	0	0	0
517	"жТУќвЛЛїдіМгЧПЛЏ (3)"	82	7	100	100	0	0	25	300	-1	0	4	515	0	0	0	0	0	0	0	0	3	0	0	5	217	1	0	0
518	"Л№Юша§ЗчЧПЛЏ"	102	22	45	11	6	0	32	70	-1	0	4	78	0	0	0	0	0	0	0	0	3	0	0	5	218	0	0	1
519	"ЩСЕчжЎЮшЧПЛЏ"	92	3	0	150	10	5000	29	340	-1	0	4	65	0	0	0	0	0	0	0	0	3	0	0	6	219	0	0	1
520	"Л№Юша§ЗчОЋЭЈ"	102	5	49	12	6	0	32	70	-1	0	4	518	0	0	0	0	0	0	0	0	3	0	0	6	220	0	0	0
521	"ИжЬњЗРгљ"	0	28	64	29	0	60000	0	0	-1	0	4	0	0	0	0	0	0	0	0	0	3	0	0	8	23	1	0	0
522	"жТУќЪЅгЁОЋЭЈ"	82	1	110	110	0	0	25	300	-1	0	4	517	0	0	0	0	0	0	0	0	3	0	0	7	222	1	0	0
523	"КкАЕжЎСІЧПЛЏ"	100	22	75	22	6	0	16	0	-1	0	4	238	0	0	0	0	0	0	0	0	3	0	0	7	223	0	0	1
524	"ИжЬњЗРгљЧПЛЏ"	0	3	70	31	0	60000	0	0	-1	0	4	521	0	0	0	0	0	0	0	0	3	0	0	9	224	1	0	0
526	"ЬьгЅЧПЛЏ"	0	3	0	0	0	0	0	0	-1	0	3	0	0	0	0	0	0	0	0	0	3	0	0	2	226	0	0	0
527	"ШЈеШЧПЛЏ"	0	22	0	0	0	0	0	0	-1	0	3	0	0	0	0	0	0	0	0	0	3	0	0	2	227	0	0	1
528	"ЖмХЦЧПЛЏ"	0	10	0	0	0	0	0	0	-1	0	3	0	0	0	0	0	0	0	0	0	3	0	0	2	228	0	0	0
529	"ШЈеШЧПЛЏ : ГшЮяЧПЛЏ"	0	3	0	0	0	0	0	0	-1	0	3	0	0	0	0	0	0	0	0	0	3	0	0	2	229	0	0	0
530	"ЬьгЅЧПЛЏ (2)"	0	7	0	0	0	0	0	0	-1	0	3	0	0	0	0	0	0	0	0	0	3	0	0	3	230	0	0	0
531	"ШЈеШОЋЭЈ"	0	5	0	0	0	0	0	0	-1	0	3	0	0	0	0	0	0	0	0	0	3	0	0	3	231	0	0	0
532	"ЖмХЦОЋЭЈ"	0	17	0	0	0	0	0	0	-1	0	3	0	0	0	0	0	0	0	0	0	3	0	0	3	232	0	0	0
533	"ЭГЫЇЙЅЛїСІ діМг"	0	20	0	0	0	0	0	0	-1	0	3	0	0	0	0	0	0	0	0	0	3	0	0	3	233	0	0	0
534	"ЬьгЅЧПЛЏ (3)"	0	1	0	0	0	0	0	0	-1	0	3	0	0	0	0	0	0	0	0	0	3	0	0	5	234	0	0	0
535	"ГшЮяЩњУќжЕЧПЛЏ"	0	17	0	0	0	0	0	0	-1	0	3	0	0	0	0	0	0	0	0	0	3	0	0	5	235	0	0	0
536	"ЬьгЅЧПЛЏ (4)"	0	23	0	0	0	0	0	0	-1	0	3	0	0	0	0	0	0	0	0	0	3	0	0	6	236	0	0	0
538	"ЬьгЅЧПЛЏ (5)"	0	1	0	0	0	0	0	0	-1	0	3	0	0	0	0	0	0	0	0	0	3	0	0	7	238	0	0	0
539	"ОЋЩёжЎЭѕ"	0	1	0	0	0	0	0	0	-1	0	3	0	0	0	0	0	0	0	0	0	3	0	0	8	239	0	0	0
548	"ЮфепХћЗчЮќЪеЧПЛЏ"	0	1	0	0	0	0	0	0	-1	0	3	0	0	0	0	0	0	0	0	0	0	0	3	8	248	0	0	0
549	"ЮфепХћЗчЗРгљЧПЛЏ"	0	17	0	0	0	0	0	0	-1	0	3	0	0	0	0	0	0	0	0	0	0	0	3	8	249	0	0	0
550	"ЮфепХћЗчЙЅЛїЧПЛЏ"	0	17	0	0	0	0	0	0	-1	0	3	0	0	0	0	0	0	0	0	0	0	0	3	9	250	0	0	0
551	"гФкЄЧрРЧШ­ЧПЛЏ"	0	22	10	0	2	0	0	0	4	0	4	260	0	0	0	0	0	0	0	0	0	0	3	2	251	0	1	1
552	"ЖЗЦјБЌСбШ­ЧПЛЏ"	0	22	10	0	2	0	0	0	3	0	4	261	0	0	0	0	0	0	0	0	0	0	3	2	252	0	1	1
554	"гФкЄЧрРЧШ­ОЋЭЈ"	0	1	10	0	2	0	0	0	4	0	4	551	0	0	0	0	0	0	0	0	0	0	3	3	254	0	1	0
555	"ЖЗЦјБЌСбШ­ОЋЭЈ"	0	1	10	0	2	0	0	0	3	0	4	552	0	0	0	0	0	0	0	0	0	0	3	3	255	0	1	0
556	"ЗРгљГЩЙІТЪдіМг"	0	5	0	0	0	0	0	0	-1	0	3	0	0	0	0	0	0	0	0	0	0	0	3	4	13	0	0	0
557	"ЮфЦїОЋЭЈ"	0	22	0	0	0	0	0	0	-1	0	3	0	0	0	0	0	0	0	0	0	0	0	3	4	35	0	0	0
558	"Лиа§ЬпЧПЛЏ"	150	22	22	20	4	700	0	0	0	0	4	262	0	0	0	0	0	0	0	0	0	0	3	5	258	0	0	1
559	"гФкЄЙтЫйШ­ЧПЛЏ"	180	22	84	0	4	0	0	0	5	0	4	263	0	0	0	0	0	0	0	0	0	0	3	5	259	0	0	1
560	"бзСњШ­ЧПЛЏ"	150	22	60	33	3	700	0	0	4	0	4	264	0	0	0	0	0	0	0	0	0	0	3	5	260	0	0	1
561	"бзСњШ­ОЋЭЈ"	150	1	66	36	3	700	0	0	4	0	4	560	0	0	0	0	0	0	0	0	0	0	3	6	261	2	0	1
562	"Лиа§ЬпОЋЭЈ"	150	1	24	22	4	700	0	0	0	0	4	558	0	0	0	0	0	0	0	0	0	0	3	7	262	2	0	1
563	"гФкЄЙтЫйШ­ОЋЭЈ"	180	0	92	0	6	0	0	0	5	0	4	559	0	0	0	0	0	0	0	0	0	0	3	7	263	0	0	1
564	"ЪШбЊжЎСњЧПЛЏ"	200	24	110	110	4	3000	0	0	5	0	4	265	0	0	0	0	0	0	0	0	0	0	3	7	264	0	0	0
565	"ЯЪбЊХиЯј"	0	0	100	200	0	120000	0	0	-1	0	4	0	0	0	0	0	0	0	0	0	0	0	3	8	265	1	0	0
566	"ЪШбЊжЎСњОЋЭЈ"	200	1	121	121	4	3000	0	0	5	0	4	564	0	0	0	0	0	0	0	0	0	0	3	8	266	0	0	0
567	"ЯЪбЊХиЯјЧПЛЏ"	0	1	110	220	0	120000	0	0	-1	0	4	565	0	0	0	0	0	0	0	0	0	0	3	9	267	1	0	0
568	"зАБИЮфЦїЧПЛЏ"	0	22	0	0	0	0	0	0	-1	0	3	0	0	0	0	0	0	0	0	0	0	0	3	2	268	0	0	1
569	"ЖЗЩё-гљ ЧПЛЏ"	50	22	55	11	7	0	30	0	-1	0	4	268	0	0	0	0	0	0	0	0	0	0	3	2	269	1	0	0
571	"зАБИЮфЦїОЋЭЈ"	0	1	0	0	0	0	0	0	-1	0	3	0	0	0	0	0	0	0	0	0	0	0	3	3	271	1	0	0
572	"ЖЗЩё-гљ ОЋЭЈ"	50	22	60	12	7	0	30	0	-1	0	4	569	0	0	0	0	0	0	0	0	0	0	3	3	272	1	0	0
573	"ЖЗЩё-Уќ ЧПЛЏ"	80	5	55	11	7	0	35	0	-1	0	4	267	0	0	0	0	0	0	0	0	0	0	3	4	273	1	0	0
574	"ЗРгљСІзЊЛЛ"	0	20	0	0	0	0	0	0	-1	0	3	0	0	0	0	0	0	0	0	0	0	0	3	4	274	0	0	0
578	"МѕЩйФЭОУ (1)"	0	17	0	0	0	0	0	0	-1	0	3	0	0	0	0	0	0	0	0	0	0	0	3	1	0	0	0	0
579	"PVPЗРгљТЪЬсИп"	0	29	0	0	0	0	0	0	-1	0	3	0	0	0	0	0	0	0	0	0	0	0	3	1	1	0	0	0
580	"ЬсИпзюДѓSD"	0	33	0	0	0	0	0	0	-1	0	3	0	0	0	0	0	0	0	0	0	0	0	3	2	2	0	0	0
581	"ФЇЗЈжЕздЖЏЛжИДСІдіМг"	0	7	0	0	0	0	0	0	-1	0	3	0	0	0	0	0	0	0	0	0	0	0	3	2	3	0	0	0
582	"ЖОЕжПЙСІЬсИп"	0	1	0	0	0	0	0	0	1	0	3	0	0	0	0	0	0	0	0	0	0	0	3	2	4	0	0	0
583	"МѕЩйФЭОУ (2)"	0	17	0	0	0	0	0	0	-1	0	3	0	0	0	0	0	0	0	0	0	0	0	3	3	5	0	0	0
584	"SDЛжИДЫйЖШЬсИп"	0	2	0	0	0	0	0	0	-1	0	3	0	0	0	0	0	0	0	0	0	0	0	3	3	6	0	0	0
585	"ЩњУќСІздЖЏЛжИДСІдіМг"	0	1	0	0	0	0	0	0	-1	0	3	0	0	0	0	0	0	0	0	0	0	0	3	3	7	0	0	0
586	"РзЕжПЙСІЬсИп"	0	1	0	0	0	0	0	0	2	0	3	0	0	0	0	0	0	0	0	0	0	0	3	3	8	0	0	0
587	"ЗРгљСІдіМг"	0	35	0	0	0	0	0	0	-1	0	3	0	0	0	0	0	0	0	0	0	0	0	3	4	9	0	0	0
588	"здЖЏAG ЛжИДСІдіМг"	0	1	0	0	0	0	0	0	-1	0	3	0	0	0	0	0	0	0	0	0	0	0	3	4	10	0	0	0
589	"БљЕжПЙСІЬсИп"	0	1	0	0	0	0	0	0	0	0	3	0	0	0	0	0	0	0	0	0	0	0	3	4	11	0	0	0
590	"МѕЩйФЭОУ (3)"	0	17	0	0	0	0	0	0	-1	0	3	0	0	0	0	0	0	0	0	0	0	0	3	5	12	0	0	0
591	"ЗРгљГЩЙІТЪЬсИп"	0	1	0	0	0	0	0	0	-1	0	3	0	0	0	0	0	0	0	0	0	0	0	3	5	13	0	0	0
592	"ЪЉеЙЮоЕа"	0	1	0	0	0	0	0	0	-1	0	3	0	0	0	0	0	0	0	0	0	0	0	3	6	14	0	0	0
593	"ЬззАЗРгљСІдіМг"	0	3	0	0	0	0	0	0	-1	0	3	0	0	0	0	0	0	0	0	0	0	0	3	6	15	0	0	0
594	"ИДГ№"	0	1	0	0	0	0	0	0	-1	0	3	0	0	0	0	0	0	0	0	0	0	0	3	6	16	0	0	0
595	"жЧСІЪєаддіМг"	0	36	0	0	0	0	0	0	-1	0	3	0	0	0	0	0	0	0	0	0	0	0	3	7	17	0	0	0
596	"ЬхСІЪєаддіМг"	0	36	0	0	0	0	0	0	-1	0	3	0	0	0	0	0	0	0	0	0	0	0	3	7	18	0	0	0
597	"УєНнЪєаддіМг"	0	36	0	0	0	0	0	0	-1	0	3	0	0	0	0	0	0	0	0	0	0	0	3	7	19	0	0	0
598	"СІСПЪєаддіМг"	0	36	0	0	0	0	0	0	-1	0	3	0	0	0	0	0	0	0	0	0	0	0	3	7	20	0	0	0
599	"ЙЅЛїГЩЙІТЪЬсИп"	0	30	0	0	0	0	0	0	-1	0	3	0	0	0	0	0	0	0	0	0	0	0	3	1	25	0	0	0
end