//Section Type Level Dur Skill Luck Option ExcOp SetOp JoH OEx Socket1 Socket2 Socket3 Socket4 Socket5
7         6    0     0   0     1    0      0     0     0   0   255     255     255     255     255     //Trâu   Xanh
7         0    0     0   0     1    0      0     0     0   0   255     255     255     255     255     //Áo     Đồng
6         1    0     0   0     1    0      0     0     0   0   255     255     255     255     255     //Khiên  Sừng
6         2    0     0   0     1    0      0     0     0   0   255     255     255     255     255     //Khiên  Diều
8         6    0     0   0     1    0      0     0     0   0   255     255     255     255     255     //Trâu   Xanh
8         0    0     0   0     1    0      0     0     0   0   255     255     255     255     255     //Áo     Đồng
0         2    0     0   0     1    0      0     0     0   0   255     255     255     255     255     //Trường Kiếm
1         2    0     0   1     1    0      0     0     0   0   255     255     255     255     255     //Rìu    Lưỡi Hái
1         3    0     0   1     1    0      0     0     0   0   255     255     255     255     255     //Rìu    Thợ  Săn
1         3    0     0   1     1    0      0     0     0   0   255     255     255     255     255     //Rìu    Thợ  Săn
9         6    0     0   0     1    0      0     0     0   0   255     255     255     255     255     //Trâu   Xanh
9         0    0     0   0     1    0      0     0     0   0   255     255     255     255     255     //Áo     Đồng
2         1    0     0   1     1    0      0     0     0   0   255     255     255     255     255     //Chùy   Gai 
0         3    0     0   1     1    0      0     0     0   0   255     255     255     255     255     //Kiếm   Nhật
0         4    0     0   1     1    0      0     0     0   0   255     255     255     255     255     //Đao    Sát  Thủ
0         5    0     0   1     1    0      0     0     0   0   255     255     255     255     255     //Khoái  Đao 
10        6    0     0   0     1    0      0     0     0   0   255     255     255     255     255     //Trâu   Xanh
10        0    0     0   0     1    0      0     0     0   0   255     255     255     255     255     //Áo     Đồng
11        6    0     0   0     1    0      0     0     0   0   255     255     255     255     255     //Trâu   Xanh
11        0    0     0   0     1    0      0     0     0   0   255     255     255     255     255     //Áo     Đồng
0         7    0     0   1     1    0      0     0     0   0   255     255     255     255     255     //Mã     Tấu 
0         1    0     0   0     1    0      0     0     0   0   255     255     255     255     255     //Đoản   Đao 
1         1    0     0   0     1    0      0     0     0   0   255     255     255     255     255     //Rìu    Nhẹ 
2         0    0     0   0     1    0      0     0     0   0   255     255     255     255     255     //Chùy  
0         0    0     0   0     1    0      0     0     0   0   255     255     255     255     255     //Chùy   Thủ 
12        7    0     255 0     1    0      0     0     0   0   255     255     255     255     255    
12        12   0     255 0     1    0      0     0     0   0   255     255     255     255     255    
12        13   0     255 0     1    0      0     0     0   0   255     255     255     255     255    
12        14   0     255 0     1    0      0     0     0   0   255     255     255     255     255    
12        44   0     255 0     1    0      0     0     0   0   255     255     255     255     255    
12        19   0     255 0     1    0      0     0     0   0   255     255     255     255     255    
end      