//Section Type   Level Dur   Skill Luck Option Excellent
//Nguyên  liệu   làm   nhiện vụ   
13        29     0     1     0     0    0      0         0 0 0 255 255 255 255 255 //Giáp         Hỗn    Nguyên
14        23     0     0     0     0    0      0         0 0 0 255 255 255 255 255 //Cuộn         sách   đế     vương 
14        24     0     0     0     0    0      0         0 0 0 255 255 255 255 255 //Thanh        Gươm   Gãy   
14        23     1     0     0     0    0      0         0 0 0 255 255 255 255 255 //Chiến        nhẫn   vinh   quang 
14        24     1     0     0     0    0      0         0 0 0 255 255 255 255 255 //Viên         Ngọc   Cổ    
14        26     0     0     0     0    0      0         0 0 0 255 255 255 255 255 //Linh         Hồn    Phù    Thủy  
14        25     0     0     0     0    0      0         0 0 0 255 255 255 255 255 //Nước         Mắt    Tiên   Nữ    
14        68     0     0     0     0    0      0         0 0 0 255 255 255 255 255 //Con          Mắt    Abyss 
14        3      0     255   0     0    0      0         0 0 0 255 255 255 255 255 //Bình         Máu    To    
14        6      0     255   0     0    0      0         0 0 0 255 255 255 255 255 //Bình         Phép   To    
14        8      0     050   0     0    0      0         0 0 0 255 255 255 255 255 //Liều         Giải   Độc   
13        1      0     0     0     0    0      0         0 0 0 255 255 255 255 255 //Tiểu         Quỷ   
13        0      0     0     0     0    0      0         0 0 0 255 255 255 255 255 //Thần         Hộ     Mệnh  
13        2      0     0     0     0    0      0         0 0 0 255 255 255 255 255 //Kỳ           Lân   
//Anpha   Test  
12        15     0     1     0     0    0      0         0 0 0 255 255 255 255 255 //Ngọc         Hỗn    Nguyên
14        13     0     1     0     0    0      0         0 0 0 255 255 255 255 255 //Ngọc         Ước    Nguyện
14        14     0     1     0     0    0      0         0 0 0 255 255 255 255 255 //Ngọc         Tâm    Linh  
14        16     0     1     0     0    0      0         0 0 0 255 255 255 255 255 //Ngọc         Sinh   Mệnh  
14        31     0     1     0     0    0      0         0 0 0 255 255 255 255 255 //Đá           Hộ     Mệnh  
14        22     0     1     0     0    0      0         0 0 0 255 255 255 255 255 //Ngọc         Sáng   Tạo   
14        42     0     1     0     0    0      0         0 0 0 255 255 255 255 255 //Đá           Tạo    Hóa   
14        44     0     1     0     0    0      0         0 0 0 255 255 255 255 255 //Đá           Tinh   Luyện  Cao   
12        141    2     1     0     0    0      0         0 0 0 255 255 255 255 255 //Cụm          Ngọc   Hỗn    Nguyên +2
12        137    2     1     0     0    0      0         0 0 0 255 255 255 255 255 //Cụm          Ngọc   Sáng   Tạo    +2
12        30     2     1     0     0    0      0         0 0 0 255 255 255 255 255 //Cụm          Ngọc   Ước    Nguyện +2
12        31     2     1     0     0    0      0         0 0 0 255 255 255 255 255 //Cụm          Ngọc   Tâm    Linh   +2
12        136    2     1     0     0    0      0         0 0 0 255 255 255 255 255 //Cụm          Ngọc   Sinh   Mệnh  
12        141    0     1     0     0    0      0         0 0 0 255 255 255 255 255 //Cụm          Ngọc   Hỗn    Nguyên
12        137    0     1     0     0    0      0         0 0 0 255 255 255 255 255 //Cụm          Ngọc   Sáng   Tạo   
12        30     0     1     0     0    0      0         0 0 0 255 255 255 255 255 //Cụm          Ngọc   Ước    Nguyện
12        31     0     1     0     0    0      0         0 0 0 255 255 255 255 255 //Cụm          Ngọc   Tâm    Linh  
12        136    0     1     0     0    0      0         0 0 0 255 255 255 255 255 //Cụm          Ngọc   Sinh   Mệnh  
12        140    0     1     0     0    0      0         0 0 0 255 255 255 255 255 //Cụm          Đá     Tạo    Hóa   
12        143    0     1     0     0    0      0         0 0 0 255 255 255 255 255 //Cụm          Đá     Tinh   Luyện  2 
13        52     0     1     0     0    0      0         0 0 0 255 255 255 255 255 //Linh         Hồn    Condor
13        53     0     1     0     0    0      0         0 0 0 255 255 255 255 255 //Lông         Vũ     Condor
13        14     1     1     0     0    0      0         0 0 0 255 255 255 255 255 //Huy          hiệu   hoàng  tộc   
13        14     0     1     0     0    0      0         0 0 0 255 255 255 255 255 //Long         Vu    
14        171    0     1     0     0    0      0         0 0 0 255 255 255 255 255 //Da           Quỷ    Vương 
14        172    0     1     0     0    0      0         0 0 0 255 255 255 255 255 //Lông         Phượng Hoàng 
14        173    0     1     0     0    0      0         0 0 0 255 255 255 255 255 //Linh         Hồn    Dơi    Lửa   
14        170    0     1     0     0    0      0         0 0 0 255 255 255 255 255 //Xương        Thần   Chết  
13        31     0     1     0     0    0      0         0 0 0 255 255 255 255 255 //Linh         Hồn    Thú    Nuôi  
13        4      0     0     0     0    0      0         0 0 0 255 255 255 255 255 //Chiến        Mã    
13        5      0     0     0     0    0      0         0 0 0 255 255 255 255 255 //Quạ          Tinh  
14        162    0     1     0     0    0      0         0 0 0 255 255 255 255 255 //Mở           Rộng   Túi    Đồ    
14        163    0     1     0     0    0      0         0 0 0 255 255 255 255 255 //Mở           Rộng   Thùng  Đồ    
13        46     0     0     0     0    0      0         0 0 0 255 255 255 255 255 //Vé           Quảng  Trường Quỷ   
13        47     0     0     0     0    0      0         0 0 0 255 255 255 255 255 //Vé           Huyết  Lâu   
13        48     0     0     0     0    0      0         0 0 0 255 255 255 255 255 //Vé           Kalima
14        52     0     1     0     0    0      0         0 0 0 255 255 255 255 255 //Hộp          Quà    GM    
12        32     0     1     0     0    0      0         0 0 0 255 255 255 255 255 //Hộp          Quà    Đỏ    
12        33     0     1     0     0    0      0         0 0 0 255 255 255 255 255 //Hộp          Quà    Xanh   Lá    
12        34     0     1     0     0    0      0         0 0 0 255 255 255 255 255 //Hộp          Quà    Xanh   Dương 
14        11     8     1     0     0    0      0         0 0 0 255 255 255 255 255 //Hộp          Kundun +      1     
14        11     9     1     0     0    0      0         0 0 0 255 255 255 255 255 //Hộp          Kundun +      2     
14        11     10    1     0     0    0      0         0 0 0 255 255 255 255 255 //Hộp          Kundun +      3     
14        11     11    1     0     0    0      0         0 0 0 255 255 255 255 255 //Hộp          Kundun +      4     
14        11     12    1     0     0    0      0         0 0 0 255 255 255 255 255 //Hộp          Kundun +      5     
14        33     0     1     0     0    0      0         0 0 0 255 255 255 255 255 //Hộp          Socola Đỏ    
14        34     0     1     0     0    0      0         0 0 0 255 255 255 255 255 //Hộp          Socola Xanh  
14        124    0     1     0     0    0      0         0 0 0 255 255 255 255 255 //Hộp          Quà    Bạc   
14        123    0     1     0     0    0      0         0 0 0 255 255 255 255 255 //Hộp          Quà    Vàng  
14        55     0     1     0     0    0      0         0 0 0 255 255 255 255 255 //Hộp          Chaos  Xanh  
14        56     0     1     0     0    0      0         0 0 0 255 255 255 255 255 //Hộp          Chaos  Đỏ    
14        57     0     1     0     0    0      0         0 0 0 255 255 255 255 255 //Hộp          Chaos  Tím   
13        34     0     1     0     0    0      0         0 0 0 255 255 255 255 255 //Nanh         Sói   
13        35     0     1     0     0    0      0         0 0 0 255 255 255 255 255 //Mảnh         Sừng  
13        36     0     1     0     0    0      0         0 0 0 255 255 255 255 255 //Sừng         Gãy   
14        96     0     1     0     0    0      0         0 0 0 255 255 255 255 255 //Bùa          Kết    Hợp    Chaos 
14        53     4     5     0     0    0      0         0 0 0 255 255 255 255 255 //Bùa          may    mắn    +4    
14        246    0     1     0     0    0      0         0 0 0 255 255 255 255 255 //Ngọc         May    Mắn   
//Section Type   Level Dur   Skill Luck Option Excellent
0         14     9     255   0     1    1      1         0 0 0 255 255 255 255 255 //            
12        0      4     255   0     1    1      0         0 0 0 255 255 255 255 255 //            
//Ngọc      Custom
14        244    0     1     0     0    0      0         0 0 0 255 255 255 255 255 //ngọc         Cấp    Độ    
14        245    0     1     0     0    0      0         0 0 0 255 255 255 255 255 //Ngọc         Kỹ     Năng  
14        246    0     1     0     0    0      0         0 0 0 255 255 255 255 255 //Ngọc         May    Mắn   
14        247    0     1     0     0    0      0         0 0 0 255 255 255 255 255 //Ngọc         Tính   Năng  
14        248    0     1     0     0    0      0         0 0 0 255 255 255 255 255 //Ngọc         Hoàn   Hảo   
14        249    0     1     0     0    0      0         0 0 0 255 255 255 255 255 //Ngọc         Socket
14        252    0     1     0     0    0      0         0 0 0 255 255 255 255 255 //Ngọc         Full  
13        150    0     1     0     0    0      0         0 0 0 255 255 255 255 255 //Thép         Của    Trời  
//13      151    0     0     0     0    0      0         0 0 0 255 255 255 255 255 //Búa          Thiên  Thần  
//13      152    0     0     0     0    0      0         0 0 0 255 255 255 255 255 //Mảnh         Đá     Phong  Ấn    
//13      153    0     0     0     0    0      0         0 0 0 255 255 255 255 255 //Holyangel    Soul  
//13      154    0     0     0     0    0      0         0 0 0 255 255 255 255 255 //Dark         Angel  Anvil 
//13      155    0     0     0     0    0      0         0 0 0 255 255 255 255 255 //Holyangel    Anvil 
//13      165    0     0     0     0    0      0         0 0 0 255 255 255 255 255 //Lông         Vũ     Garuda
//13      166    0     1     0     0    0      0         0 0 0 255 255 255 255 255 //Ngọn         Lửa    Garuda
//13      167    0     1     0     0    0      0         0 0 0 255 255 255 255 255 //Kim          Mao   
//13      171    0     1     0     0    0      0         0 0 0 255 255 255 255 255 //Muun         Egg   
//13      168    0     1     0     0    0      0         0 0 0 255 255 255 255 255 //Lesser       Spirit Stone 
//13      169    0     1     0     0    0      0         0 0 0 255 255 255 255 255 //Intermediate Spirit Stone 
//13      170    0     1     0     0    0      0         0 0 0 255 255 255 255 255 //Greater      Spirit Stone 
//13      173    0     0     0     0    0      0         0 0 0 255 255 255 255 255 //Cold         Horn  
//13      174    0     0     0     0    0      0         0 0 0 255 255 255 255 255 //Blue         Eye    Anvil 
//13      175    0     0     0     0    0      0         0 0 0 255 255 255 255 255 //Awakening    Soul  
//13      176    0     0     0     0    0      0         0 0 0 255 255 255 255 255 //Soul         Anvil 
14        55     0     1     0     0    0      0         0 0 0 255 255 255 255 255 //Hộp          Chaos  Xanh  
14        56     0     1     0     0    0      0         0 0 0 255 255 255 255 255 //Hộp          Chaos  Đỏ    
14        57     0     1     0     0    0      0         0 0 0 255 255 255 255 255 //Hộp          Chaos  Tím   
12        32     0     1     0     0    0      0         0 0 0 255 255 255 255 255 //Hộp          Socola Hồng  
12        33     0     1     0     0    0      0         0 0 0 255 255 255 255 255 //Hộp          Socola Đỏ    
12        34     0     1     0     0    0      0         0 0 0 255 255 255 255 255 //Hộp          Socola Xanh  
end      