//Section	Type	Level	Dur	Skill	Luck	Option	Excellent
7	15	0	0	0	1	1	0	0	0	0	255	255	255	255	255 //Phong Vũ
8	15	0	0	0	1	1	0	0	0	0	255	255	255	255	255 //Phong Vũ
9	15	0	0	0	1	1	0	0	0	0	255	255	255	255	255 //Phong Vũ
10	15	0	0	0	1	1	0	0	0	0	255	255	255	255	255 //Phong Vũ
11	15	0	0	0	1	1	0	0	0	0	255	255	255	255	255 //Phong Vũ

7	59	0	0	0	1	1	0	0	0	0	255	255	255	255	255 //Địa long
8	59	0	0	0	1	1	0	0	0	0	255	255	255	255	255 //Địa long
9	59	0	0	0	1	1	0	0	0	0	255	255	255	255	255 //Địa long
10	59	0	0	0	1	1	0	0	0	0	255	255	255	255	255 //Địa long
11	59	0	0	0	1	1	0	0	0	0	255	255	255	255	255 //Địa long

12	7	0	0	0	1	1	0	0	0	0	255	255	255	255	255 //Ngọc Chém Xoáy
12	16	0	0	0	1	1	0	0	0	0	255	255	255	255	255 //Ngọc Chém Lửa
12	47	0	0	0	1	1	0	0	0	0	255	255	255	255	255 //Ngọc Kiếm Lửa
0	31	0	0	0	1	1	0	0	0	0	255	255	255	255	255 //Ảo Ảnh Đao
0	32	0	0	0	1	1	0	0	0	0	255	255	255	255	255 //Ảo Ảnh Đao

15	30	0	0	0	0	0	0	0	0	0	255	255	255	255	255 //Vật ngã
15	31	0	0	0	0	0	0	0	0	0	255	255	255	255	255 //Sách Ảo Ảnh Liên Hoàn
15	32	0	0	0	0	0	0	0	0	0	255	255	255	255	255 //Sách Gầm thét
15	33	0	0	0	0	0	0	0	0	0	255	255	255	255	255 //Sách Gầm thét
15	35	0	0	0	0	0	0	0	0	0	255	255	255	255	255 //Sách Tăng Thể Lực
15	36	0	0	0	0	0	0	0	0	0	255	255	255	255	255 //Sách Tăng Thể Lực
15	34	0	0	0	0	0	0	0	0	0	255	255	255	255	255 //Sách xuyên thấu
15	29	0	0	0	0	0	0	0	0	0	255	255	255	255	255 //Sách xuyên thấu

end