//Index	  Name							Damage	 MP		BP		Range	Radio	Delay	Type   Effect	ReqLevel	ReqEnergy	ReqLeadership	ReqKillCount   ReqGuildStatus	DW		DK		FE		MG		DL		SU		RF		GL		RW		SL		GC		KUN		LEM		KIN		ALC
1		  "毒咒"							12		 42		 0		 6		 0		 0		 1		55		 30			0			0				0			   0				1		0		0		1		0		0		0		0		1		0		0		0		0		0		0
2		  "陨石"							21		 12		 0		 6		 0		 0		 4		0		 21			0			0				0			   0				1		0		0		1		0		1		0		0		1		0		0		0		0		0		0
3		  "掌心雷"						17		 15		 0		 6		 0		 0		 2		0		 13			0			0				0			   0				1		0		0		1		0		0		0		0		1		0		0		0		0		0		0
4		  "火球"							8		 3		 0		 6		 0		 0		 3		0		 5			0			0				0			   0				1		0		0		1		0		1		0		0		1		0		0		0		0		0		0
5		  "火龙"							25		 50		 0		 6		 6		 0		 3		0		 35			0			0				0			   0				1		0		0		1		0		0		0		0		1		0		0		0		0		0		0
6		  "瞬间移动"						0		 30		 0		 0		 0		 0		 *		0		 17			0			0				0			   0				1		0		0		0		0		0		0		0		1		0		0		0		0		0		0
7		  "冰封"							10		 38		 0		 6		 0		 0		 0		56		 25			0			0				0			   0				1		0		0		1		0		1		0		0		1		0		0		0		0		0		0
8		  "龙卷风"						35		 60		 0		 6		 6		 0		 5		0		 40			0			0				0			   0				1		0		0		1		0		0		0		0		1		0		0		0		0		0		0
9		  "黑龙波"						45		 90		 0		 0		 6		 0		 *		0		 50			0			0				0			   0				1		0		0		1		0		1		0		0		1		0		0		0		0		0		0
10		  "地狱火"						120		 160	 0		 0		 6		 0		 3		0		 60			0			0				0			   0				1		0		0		1		0		0		0		0		1		0		0		0		0		0		0
11		  "真空波"						14		 5		 0		 6		 0		 0		 *		0		 9			0			0				0			   0				1		0		0		1		0		1		0		0		1		0		0		0		0		0		0
12		  "极光"							80		 140	 0		 6		 6		 0		 6		0		 74			0			0				0			   0				1		0		0		1		0		0		0		0		1		0		0		0		0		0		0
13		  "爆炎"							70		 150	 0		 3		 6		 0		 2		0		 80			0			0				0			   0				1		0		0		1		0		0		0		0		1		0		0		0		0		0		0
14		  "毁灭烈焰"						100		 200	 0		 0		 6		 0		 3		0		 88			0			0				0			   0				1		0		0		1		0		0		0		0		1		0		0		0		0		0		0
15		  "小挪移"						0		 90		 25		 0		 0		 0		 *		0		 83			0			0				0			   0				2		0		0		0		0		0		0		0		0		0		0		0		0		0		0
16		  "守护之魂"						0		 70		 22		 6		 0		 0		 *		4		 77			0			0				0			   0				1		0		0		0		0		0		0		0		1		0		0		0		0		0		0
17		  "能量球"						3		 1		 0		 6		 0		 0		 *		0		 2			0			0				0			   0				1		0		0		1		0		0		0		0		1		0		0		0		0		0		0
18		  "圣盾防御"						0		 30		 0		 0		 0		 0		 *		0		 0			0			0				0			   0				0		1		0		1		1		1		0		0		0		0		0		0		0		0		0
19		  "地裂斩"						0		 9		 0		 3		 0		 0		 *		0		 0			0			0				0			   0				0		1		0		1		1		1		1		0		0		0		0		0		0		0		0
20		  "牙突刺"						0		 9		 0		 2		 0		 0		 *		0		 0			0			0				0			   0				0		1		0		1		1		1		0		0		0		0		0		0		0		0		0
21		  "升龙击"						0		 8		 0		 2		 0		 0		 *		0		 0			0			0				0			   0				0		1		0		1		1		1		0		0		0		0		0		0		0		0		0
22		  "旋风斩"						0		 9		 0		 2		 0		 0		 *		0		 0			0			0				0			   0				0		1		0		1		1		1		0		0		0		0		0		0		0		0		0
23		  "天地十字剑"					0		 10		 0		 2		 0		 0		 *		0		 0			0			0				0			   0				0		1		0		1		1		1		0		0		0		0		0		0		0		0		0
24		  "多重箭"						0		 5		 0		 0		 6		 0		 *		0		 0			0			0				0			   0				0		0		1		0		0		0		0		0		0		0		0		0		0		0		0
26		  "治疗"							0		 20		 0		 6		 0		 0		 *		0		 8			0			0				0			   0				0		0		1		0		0		0		0		0		0		0		0		0		0		0		0
27		  "守护之光"						0		 30		 0		 6		 0		 0		 *		2		 13			0			0				0			   0				0		0		1		0		0		0		0		0		0		0		0		0		0		0		0
28		  "战神之力"						0		 40		 0		 6		 0		 0		 *		1		 18			0			0				0			   0				0		0		1		0		0		0		0		0		0		0		0		0		0		0		0
30		  "召唤 哥布林"					0		 40		 0		 0		 0		 0		 *		0		 0			0			0				0			   0				0		0		1		0		0		0		0		0		0		0		0		0		0		0		0
31		  "召唤 石巨人"					0		 70		 0		 0		 0		 0		 *		0		 0			0			0				0			   0				0		0		1		0		0		0		0		0		0		0		0		0		0		0		0
32		  "召唤 暗杀者"					0		 110	 0		 0		 0		 0		 *		0		 0			0			0				0			   0				0		0		1		0		0		0		0		0		0		0		0		0		0		0		0
33		  "召唤 雪人王"					0		 160	 0		 0		 0		 0		 *		0		 0			0			0				0			   0				0		0		1		0		0		0		0		0		0		0		0		0		0		0		0
34		  "召唤 暗黑骑士"					0		 200	 0		 0		 0		 0		 *		0		 0			0			0				0			   0				0		0		1		0		0		0		0		0		0		0		0		0		0		0		0
35		  "召唤 守护兽巴里"				0		 250	 0		 0		 0		 0		 *		0		 0			0			0				0			   0				0		0		1		0		0		0		0		0		0		0		0		0		0		0		0
36		  "召唤 黄金斗士"					0		 350	 0		 0		 0		 0		 *		0		 0			0			0				0			   0				0		0		1		0		0		0		0		0		0		0		0		0		0		0		0
38		  "毒炎"							95		 110	 7		 6		 4		 0		 1		55		 96			0			0				0			   0				2		0		0		0		0		0		0		0		0		0		0		0		0		0		0
39		  "暴风雪"						80		 100	 5		 6		 4		 0		 0		56		 93			0			0				0			   0				2		0		0		1		0		0		0		0		0		0		0		0		0		0		0
40		  "星辰一怒"						0		 180	 45		 0		 6		 0		 3		0		 100		0			0				0			   0				2		0		0		0		0		0		0		0		0		0		0		0		0		0		0
41		  "霹雳回旋斩"					0		 10		 10		 0		 3		 0		 5		0		 0			0			0				0			   0				0		1		0		1		0		0		0		0		0		0		0		0		0		0		0
42		  "雷霆裂闪"						60		 25		 20		 0		 4		 0		 4		0		 170		0			0				0			   0				0		2		0		0		0		0		0		0		0		0		0		0		0		0		0
43		  "袭风刺"						70		 15		 12		 2		 2		 0		 5		0		 160		0			0				0			   0				0		2		0		0		0		0		0		0		0		0		0		0		0		0		0
44		  "半月斩"						90		 22		 15		 4		 0		 0		 *		0		 0			0			0				0			   0				0		1		0		0		0		0		0		0		0		0		0		0		0		0		0
45		  "回旋刃"						90		 150	 10		 6		 0		 0		 *		0		 0			0			0				0			   0				1		0		0		0		0		1		0		0		1		0		0		0		0		0		0
46		  "天堂之箭"						120		 20		 15		 8		 0		 0		 *		0		 0			0			0				0			   0				0		0		1		0		0		0		0		0		0		0		0		0		0		0		0
47		  "钻云枪"						15		 8		 0		 0		 6		 0		 *		0		 28			0			0				0			   0				0		1		0		1		0		0		0		0		0		0		0		0		0		0		0
48		  "生命之光"						0		 22		 24		 0		 5		 0		 *		8		 120		0			0				0			   0				0		1		0		0		0		0		0		0		0		0		0		0		0		0		0
49		  "流星焰"						30		 9		 0		 3		 0		 0		 *		0		 110		0			0				0			   0				0		1		0		0		0		0		0		0		0		0		0		0		0		0		0
50		  "恶魔的咆哮(怪物)"				0		 0		 0		 0		 6		 0		 *		0		 60			0			0				0			   0				0		0		0		0		0		0		0		0		0		0		0		0		0		0		0
51		  "冰封箭"						105		 10		 12		 8		 0		 0		 0		57		 0			0			0				0			   0				0		0		2		0		0		0		0		0		0		0		0		0		0		0		0
52		  "穿透箭"						70		 7		 9		 6		 6		 0		 5		0		 130		0			0				0			   0				0		0		1		0		0		0		0		0		0		0		0		0		0		0		0
55		  "玄月斩"						80		 15		 20		 2		 6		 0		 1		58		 0			0			0				0			   0				0		0		0		1		0		0		0		0		0		0		0		0		0		0		0
56		  "天雷闪"						0		 15		 0		 0		 5		 0		 *		0		 0			0			0				0			   0				0		0		0		1		0		0		0		0		0		0		0		0		0		0		0
57		  "风舞回旋斩"					75		 20		 15		 5		 0		 0		 *		0		 0			0			0				0			   0				0		0		0		1		0		0		0		0		0		0		0		0		0		0		0
60		  "冲击"							10		 10		 0		 4		 0		 0		 *		0		 0			0			0				0			   0				0		0		0		0		1		0		0		0		0		0		0		0		0		0		0
61		  "星云火链"						100		 25		 0		 6		 3		 0		 *		0		 74			0			0				0			   0				0		0		0		0		1		0		0		0		0		0		0		0		0		0		0
62		  "地裂"							150		 0		 50		 0		 5		 10000	 2		0		 0			0			0				0			   0				0		0		0		0		1		0		0		0		0		0		0		0		0		0		0
63		  "星云召唤"						0		 70		 30		 0		 0		 30000	 *		0		 98			0			0				0			   0				0		0		0		0		1		0		0		0		0		0		0		0		0		0		0
64		  "致命圣印"						0		 50		 50		 6		 6		 0		 *		5		 82			0			0				0			   0				0		0		0		0		1		0		0		0		0		0		0		0		0		0		0
65		  "圣极光"						250		 0		 100	 0		 6		 5000	 *		0		 92			0			0				0			   0				0		0		0		0		1		0		0		0		0		0		0		0		0		0		0
66		  "冲击波"						50		 10		 0		 4		 3		 0		 *		0		 0			0			0				0			   0				0		0		0		0		1		0		0		0		0		0		0		0		0		0		0
67		  "束缚术"						0		 70		 50		 0		 5		 0		 *		61		 0			0			0				4			   32				1		1		1		1		1		1		1		1		1		1		1		1		1		1		1
68		  "解除束缚"						0		 25		 30		 0		 5		 0		 *		0		 0			0			0				2			   32				1		1		1		1		1		1		1		1		1		1		1		1		1		1		1
69		  "增益魔法"						0		 35		 30		 0		 5		 0		 *		9		 0			0			0				4			   32				1		1		1		1		1		1		1		1		1		1		1		1		1		1		1
70		  "透明术"						0		 80		 60		 6		 0		 0		 *		18		 0			0			0				5			   192				1		1		1		1		1		1		1		1		1		1		1		1		1		1		1
71		  "解除透明"						0		 40		 30		 0		 5		 0		 *		0		 0			0			0				2			   192				1		1		1		1		1		1		1		1		1		1		1		1		1		1		1
72		  "解除魔法"						0		 90		 70		 0		 5		 0		 *		0		 0			0			0				8			   128				0		0		0		0		1		0		0		0		0		0		0		0		0		0		0
73		  "幻魔光束"						85		 130	 7		 6		 0		 0		 *		0		 0			0			0				0			   0				0		0		0		1		0		0		0		0		0		0		0		0		0		0		0
74		  "神圣火焰"						150		 30		 10		 6		 0		 0		 *		0		 0			0			0				0			   0				0		0		0		0		1		0		0		0		0		0		0		0		0		0		0
75		  "爆裂击"						0		 100	 35		 0		 5		 0		 *		0		 0			0			0				0			   0				0		0		0		0		1		0		0		0		0		0		0		0		0		0		0
76		  "炎狼闪电链"					60		 50		 20		 0		 5		 1500	 *		0		 110		0			0				0			   0				2		2		2		1		1		2		1		0		0		0		0		0		0		0		0
77		  "无影箭"						0		 50		 10		 0		 0		 200	 *		6		 220		0			0				0			   0				0		0		1		0		0		0		0		0		0		0		0		0		0		0		0
78		  "火舞旋风"						130		 45		 10		 4		 6		 0		 *		0		 102		0			0				0			   0				0		0		0		0		1		0		0		0		0		0		0		0		0		0		0
79		  "星爆"							0		 0		 0		 0		 0		 0		 *		0		 0			0			0				0			   0				0		0		0		0		1		0		0		0		0		0		0		0		0		0		0
200		  "怪物召唤"						0		 40		 0		 0		 0		 0		 *		0		 0			0			0				0			   0				0		0		0		0		0		0		0		0		0		0		0		0		0		0		0
201		  "魔法攻击免疫"					0		 40		 0		 0		 0		 0		 *		0		 0			0			0				0			   0				0		0		0		0		0		0		0		0		0		0		0		0		0		0		0
202		  "物理攻击免疫"					0		 40		 0		 0		 0		 0		 *		0		 0			0			0				0			   0				0		0		0		0		0		0		0		0		0		0		0		0		0		0		0
210		  "保护咒语"						0		 30		 0		 0		 0		 0		 0		0		 0			0			0				5			   0				1		1		1		1		1		1		1		1		1		1		1		1		1		1		1
211		  "束缚咒语"						0		 30		 0		 3		 0		 0		 0		0		 0			0			0				5			   0				1		1		1		1		1		1		1		1		1		1		1		1		1		1		1
212		  "追踪咒语"						0		 30		 0		 0		 0		 0		 0		0		 0			0			0				10			   0				1		1		1		1		1		1		1		1		1		1		1		1		1		1		1
213		  "腐蚀咒语"						0		 30		 0		 3		 0		 0		 0		0		 0			0			0				5			   0				1		1		1		1		1		1		1		1		1		1		1		1		1		1		1
214		  "摄魂咒"						35		 50		 0		 6		 0		 0		 *		0		 35			0			0				0			   0				0		0		0		0		0		1		0		0		0		0		0		0		0		0		0
215		  "链雷咒"						70		 85		 0		 6		 3		 0		 2		0		 75			0			0				0			   0				0		0		0		0		0		1		0		0		0		0		0		0		0		0		0
216		  "电涌咒"						90		 100	 0		 6		 0		 0		 *		0		 0			0			0				0			   0				0		0		0		0		0		1		0		0		0		0		0		0		0		0		0
217		  "伤害反射"						0		 40		 10		 6		 0		 5000	 *		71		 80			0			0				0			   0				0		0		0		0		0		1		0		0		0		0		0		0		0		0		0
218		  "狂暴术"						0		 100	 50		 0		 0		 5000	 *		81		 83			0			0				0			   0				0		0		0		0		0		1		0		0		0		0		0		0		0		0		0
219		  "昏睡术"						0		 20		 3		 6		 0		 0		 *		72		 40			0			0				0			   0				0		0		0		0		0		1		0		0		0		0		0		0		0		0		0
221		  "虚弱阵"						0		 50		 15		 0		 5		 4000	 *		76		 93			0			0				0			   0				0		0		0		0		0		1		0		0		0		0		0		0		0		0		0
222		  "破御阵"						0		 70		 15		 0		 5		 4000	 *		77		 111		0			0				0			   0				0		0		0		0		0		1		0		0		0		0		0		0		0		0		0
223		  "爆裂击"						40		 90		 5		 6		 3		 4000	 3		75		 50			0			0				0			   0				0		0		0		0		0		1		0		0		0		0		0		0		0		0		0
224		  "安魂弥撒"						65		 110	 10		 6		 4		 4000	 5		74		 75			0			0				0			   0				0		0		0		0		0		1		0		0		0		0		0		0		0		0		0
225		  "污染"							80		 120	 15		 6		 5		 4000	 2		56		 85			0			0				0			   0				0		0		0		0		0		1		0		0		0		0		0		0		0		0		0
230		  "烈光闪"						95		 115	 7		 0		 5		 0		 2		85		 93			0			0				0			   0				0		0		0		0		0		1		0		0		0		0		0		0		0		0		0
232		  "致命一击"						110		 30		 24		 6		 3		 0		 0		86		 100		0			0				0			   0				0		2		0		0		0		0		0		0		0		0		0		0		0		0		0
233		  "法神附体"						0		 200	 50		 0		 0		 0		 *		82		 220		0			0				0			   0				2		0		0		0		0		0		0		0		0		0		0		0		0		0		0
234		  "防护值恢复"					0		 40		 10		 6		 0		 0		 *		0		 100		0			0				0			   0				0		0		2		0		0		0		0		0		0		0		0		0		0		0		0
235		  "五重箭"						40		 10		 7		 0		 6		 0		 *		0		 100		0			0				0			   0				0		0		2		0		0		0		0		0		0		0		0		0		0		0		0
236		  "火剑袭"						140		 20		 25		 0		 5		 0		 3		83		 100		0			0				0			   0				0		0		0		1		0		0		0		0		0		0		0		0		0		0		0
237		  "闪电轰顶"						110		 120	 10		 0		 6		 0		 5		84		 220		0			0				0			   0				0		0		0		1		0		0		0		0		0		0		0		0		0		0		0
238		  "黑暗之力"						190		 50		 15		 0		 6		 0		 *		0		 100		0			0				0			   0				0		0		0		0		1		0		0		0		0		0		0		0		0		0		0
239		  "生魂广场自爆技能"				140		 20		 25		 0		 3		 0		 3		0		 0			0			0				0			   0				0		0		0		0		0		0		0		0		0		0		0		0		0		0		0
260		  "幽冥青狼拳"					0		 9		 0		 2		 0		 0		 4		76		 0			0			0				0			   0				0		0		0		0		0		0		1		0		0		0		0		0		0		0		0
261		  "斗气爆裂拳"					0		 9		 0		 2		 0		 0		 3		58		 0			0			0				0			   0				0		0		0		0		0		0		1		0		0		0		0		0		0		0		0
262		  "回旋踢"						0		 15		 20		 4		 0		 700	 0		86		 150		0			0				0			   0				0		0		0		0		0		0		1		0		0		0		0		0		0		0		0
263		  "幽冥光速拳"					0		 70		 0		 4		 3		 0		 5		0		 180		0			0				0			   0				0		0		0		0		0		0		1		0		0		0		0		0		0		0		0
264		  "炎龙拳"						0		 50		 30		 3		 5		 700	 4		0		 150		0			0				0			   0				0		0		0		0		0		0		1		0		0		0		0		0		0		0		0
265		  "嗜血之龙"						0		 100	 100	 4		 0		 3000	 5		0		 200		0			0				0			   0				0		0		0		0		0		0		1		0		0		0		0		0		0		0		0
266		  "斗神-破"						0		 50		 10		 0		 0		 0		 *		129		 120		0			0				0			   0				0		0		0		0		0		0		1		0		0		0		0		0		0		0		0
267		  "斗神-命"						0		 50		 10		 0		 5		 0		 *		130		 80			0			0				0			   0				0		0		0		0		0		0		1		0		0		0		0		0		0		0		0
268		  "斗神-御"						0		 50		 10		 0		 5		 0		 *		131		 50			0			0				0			   0				0		0		0		0		0		0		1		0		0		0		0		0		0		0		0
269		  "冲锋"							90		 20		 15		 4		 0		 0		 *		0		 0			0			0				0			   0				0		0		0		0		0		0		1		0		0		0		0		0		0		0		0
270		  "神圣气旋"						0		 30		 0		 4		 3		 1200	 *		0		 0			0			0				0			   0				0		0		0		0		0		0		1		0		0		0		0		0		0		0		0
300		  "减少耐久 (1)"					0		 0		 0		 0		 0		 0		 *		0		 0			0			0				0			   0				3		3		3		3		3		3		0		0		0		0		0		0		0		0		0
301		  "PVP防御率提高"					0		 0		 0		 0		 0		 0		 *		0		 0			0			0				0			   0				3		3		3		3		3		3		0		0		0		0		0		0		0		0		0
302		  "提高最大SD"					0		 0		 0		 0		 0		 0		 *		0		 0			0			0				0			   0				3		3		3		3		3		3		0		0		0		0		0		0		0		0		0
303		  "魔法值自动恢复力提高"				0		 0		 0		 0		 0		 0		 *		0		 0			0			0				0			   0				3		3		3		3		3		3		0		0		0		0		0		0		0		0		0
304		  "毒抵抗力提高"					0		 0		 0		 0		 0		 0		 *		0		 0			0			0				0			   0				3		3		3		3		3		3		0		0		0		0		0		0		0		0		0
305		  "减少耐久 (2)"					0		 0		 0		 0		 0		 0		 *		0		 0			0			0				0			   0				3		3		3		3		3		3		0		0		0		0		0		0		0		0		0
306		  "SD自动恢复力提高"				0		 0		 0		 0		 0		 0		 *		0		 0			0			0				0			   0				3		3		3		3		3		3		0		0		0		0		0		0		0		0		0
307		  "生命值自动恢复力提高"				0		 0		 0		 0		 0		 0		 *		0		 0			0			0				0			   0				3		3		3		3		3		3		0		0		0		0		0		0		0		0		0
308		  "雷抵抗力提高"					0		 0		 0		 0		 0		 0		 *		0		 0			0			0				0			   0				3		3		3		3		3		3		0		0		0		0		0		0		0		0		0
309		  "防御力增加"					0		 0		 0		 0		 0		 0		 *		0		 0			0			0				0			   0				3		3		3		3		3		3		0		0		0		0		0		0		0		0		0
310		  "AG值自动恢复力提高"				0		 0		 0		 0		 0		 0		 *		0		 0			0			0				0			   0				3		3		3		3		3		3		0		0		0		0		0		0		0		0		0
311		  "冰抵抗力提高"					0		 0		 0		 0		 0		 0		 *		0		 0			0			0				0			   0				3		3		3		3		3		3		0		0		0		0		0		0		0		0		0
312		  "减少耐久 (3)"					0		 0		 0		 0		 0		 0		 *		0		 0			0			0				0			   0				3		3		3		3		3		3		0		0		0		0		0		0		0		0		0
313		  "防御成功率提高"					0		 0		 0		 0		 0		 0		 *		0		 0			0			0				0			   0				3		3		3		3		3		3		0		0		0		0		0		0		0		0		0
315		  "套装防御力增加"					0		 0		 0		 0		 0		 0		 *		0		 0			0			0				0			   0				3		3		3		3		3		3		0		0		0		0		0		0		0		0		0
316		  "复仇"							0		 0		 0		 0		 0		 0		 *		0		 0			0			0				0			   0				3		3		3		3		3		3		0		0		0		0		0		0		0		0		0
317		  "智力属性增加"					0		 0		 0		 0		 0		 0		 *		0		 0			0			0				0			   0				3		3		3		3		3		3		0		0		0		0		0		0		0		0		0
318		  "体力属性增加"					0		 0		 0		 0		 0		 0		 *		0		 0			0			0				0			   0				3		3		3		3		3		3		0		0		0		0		0		0		0		0		0
319		  "敏捷属性增加"					0		 0		 0		 0		 0		 0		 *		0		 0			0			0				0			   0				3		3		3		3		3		3		0		0		0		0		0		0		0		0		0
320		  "力量属性增加"					0		 0		 0		 0		 0		 0		 *		0		 0			0			0				0			   0				3		3		3		3		3		3		0		0		0		0		0		0		0		0		0
322		  "暴风之翼防御强化"				0		 0		 0		 0		 0		 0		 *		0		 0			0			0				0			   0				0		3		0		0		0		0		0		0		0		0		0		0		0		0		0
324		  "暴风之翼攻击强化"				0		 0		 0		 0		 0		 0		 *		0		 0			0			0				0			   0				0		3		0		0		0		0		0		0		0		0		0		0		0		0		0
325		  "攻击成功率提高"					0		 0		 0		 0		 0		 0		 *		0		 0			0			0				0			   0				3		3		3		3		3		3		0		0		0		0		0		0		0		0		0
326		  "旋风斩强化"						0		 9		 0		 2		 0		 0		 *		0		 0			0			0				0			   0				0		3		0		0		0		0		0		0		0		0		0		0		0		0		0
327		  "天地十字剑强化"					0		 10		 0		 2		 0		 0		 *		0		 0			0			0				0			   0				0		3		0		0		0		0		0		0		0		0		0		0		0		0		0
328		  "地裂斩强化"						0		 9		 0		 3		 0		 0		 *		0		 0			0			0				0			   0				0		3		0		0		0		0		0		0		0		0		0		0		0		0		0
329		  "牙突刺强化"						0		 9		 0		 2		 0		 0		 *		0		 0			0			0				0			   0				0		3		0		0		0		0		0		0		0		0		0		0		0		0		0
330		  "霹雳回旋斩强化"					0		 10		 10		 0		 3		 0		 5		0		 0			0			0				0			   0				0		3		0		0		0		0		0		0		0		0		0		0		0		0		0
331		  "雷霆裂闪强化"					60		 25		 22		 0		 4		 0		 4		0		 170		0			0				0			   0				0		3		0		0		0		0		0		0		0		0		0		0		0		0		0
332		  "霹雳回旋斩精通"					0		 22		 20		 0		 3		 0		 5		0		 0			0			0				0			   0				0		3		0		0		0		0		0		0		0		0		0		0		0		0		0
333		  "雷霆裂闪精通"					60		 50		 30		 0		 4		 0		 4		0		 170		0			0				0			   0				0		3		0		0		0		0		0		0		0		0		0		0		0		0		0
334		  "最大生命力 增加"				0		 0		 0		 0		 0		 0		 *		0		 0			0			0				0			   0				3		3		3		3		3		3		0		0		0		0		0		0		0		0		0
335		  "武器精通"						0		 0		 0		 0		 0		 0		 *		0		 0			0			0				0			   0				0		3		0		0		0		0		0		0		0		0		0		0		0		0		0
336		  "袭风刺强化"						70		 15		 13		 2		 2		 0		 5		0		 160		0			0				0			   0				0		3		0		0		0		0		0		0		0		0		0		0		0		0		0
337		  "致命一击强化"					110		 30		 24		 6		 3		 0		 0		86		 160		0			0				0			   0				0		3		0		0		0		0		0		0		0		0		0		0		0		0		0
338		  "最大魔法值增加"					0		 0		 0		 0		 0		 0		 *		0		 0			0			0				0			   0				3		3		3		3		3		3		0		0		0		0		0		0		0		0		0
339		  "袭风刺熟练"					70		 30		 26		 2		 2		 0		 5		0		 160		0			0				0			   0				0		3		0		0		0		0		0		0		0		0		0		0		0		0		0
340		  "致命一击熟练"					110		 30		 24		 6		 3		 0		 0		86		 121		0			0				0			   0				0		3		0		0		0		0		0		0		0		0		0		0		0		0		0
341		  "最大AG 增加"					0		 0		 0		 0		 0		 0		 *		0		 0			0			0				0			   0				3		3		3		3		3		3		0		0		0		0		0		0		0		0		0
342		  "袭风刺精通"					70		 30		 26		 2		 2		 0		 5		0		 160		0			0				0			   0				0		3		0		0		0		0		0		0		0		0		0		0		0		0		0
343		  "致命一击精通"					110		 30		 24		 6		 3		 0		 0		86		 100		0			0				0			   0				0		3		0		0		0		0		0		0		0		0		0		0		0		0		0
344		  "血腥风暴"						25		 87		 29		 3		 4		 10000	 *		0		 0			0			0				0			   0				0		3		0		3		0		0		0		0		0		0		0		0		0		0		0
345		  "增加连击伤害"					0		 0		 0		 0		 0		 0		 *		0		 0			0			0				0			   0				0		3		0		0		0		0		0		0		0		0		0		0		0		0		0
346		  "血腥风暴强化"					25		 95		 31		 3		 4		 10000	 *		0		 0			0			0				0			   0				0		3		0		3		0		0		0		0		0		0		0		0		0		0		0
347		  "PVP攻击率提高"					0		 0		 0		 0		 0		 0		 *		0		 0			0			0				0			   0				3		3		3		3		3		3		0		0		0		0		0		0		0		0		0
348		  "双手剑强化"						0		 0		 0		 0		 0		 0		 *		0		 0			0			0				0			   0				0		3		0		3		0		0		0		0		0		0		0		0		0		0		0
349		  "单手剑强化"						0		 0		 0		 0		 0		 0		 *		0		 0			0			0				0			   0				0		3		0		3		0		0		0		0		0		0		0		0		0		0		0
350		  "钝器类强化"						0		 0		 0		 0		 0		 0		 *		0		 0			0			0				0			   0				0		3		0		0		0		0		0		0		0		0		0		0		0		0		0
351		  "枪类强化"						0		 0		 0		 0		 0		 0		 *		0		 0			0			0				0			   0				0		3		0		0		0		0		0		0		0		0		0		0		0		0		0
352		  "双手剑精通"					0		 0		 0		 0		 0		 0		 *		0		 0			0			0				0			   0				0		3		0		3		0		0		0		0		0		0		0		0		0		0		0
353		  "单手剑精通"					0		 0		 0		 0		 0		 0		 *		0		 0			0			0				0			   0				0		3		0		3		0		0		0		0		0		0		0		0		0		0		0
354		  "钝器类精通"						0		 0		 0		 0		 0		 0		 *		0		 0			0			0				0			   0				0		3		0		0		0		0		0		0		0		0		0		0		0		0		0
355		  "枪类精通"						0		 0		 0		 0		 0		 0		 *		0		 0			0			0				0			   0				0		3		0		0		0		0		0		0		0		0		0		0		0		0		0
356		  "生命之光强化"					0		 24		 26		 0		 5		 0		 *		8		 120		0			0				0			   0				0		3		0		0		0		0		0		0		0		0		0		0		0		0		0
357		  "魔法值减少"					0		 0		 0		 0		 0		 0		 *		0		 0			0			0				0			   0				3		3		3		3		3		3		0		0		0		0		0		0		0		0		0
358		  "杀怪时SD恢复"					0		 0		 0		 0		 0		 0		 *		0		 0			0			0				0			   0				3		3		3		3		3		3		0		0		0		0		0		0		0		0		0
359		  "杀怪时生命力恢复"				0		 0		 0		 0		 0		 0		 *		0		 0			0			0				0			   0				3		3		3		3		3		3		0		0		0		0		0		0		0		0		0
360		  "生命之光熟练"					0		 26		 28		 0		 5		 0		 *		135		 120		0			0				0			   0				0		3		0		0		0		0		0		0		0		0		0		0		0		0		0
361		  "最小攻击力提高"					0		 0		 0		 0		 0		 0		 *		0		 0			0			0				0			   0				0		3		0		3		3		0		0		0		0		0		0		0		0		0		0
362		  "杀怪时魔法值恢复"				0		 0		 0		 0		 0		 0		 *		0		 0			0			0				0			   0				3		3		3		3		3		3		0		0		0		0		0		0		0		0		0
363		  "生命之光精通"					0		 28		 30		 0		 5		 0		 *		136		 120		0			0				0			   0				0		3		0		0		0		0		0		0		0		0		0		0		0		0		0
364		  "最大攻击力提高"					0		 0		 0		 0		 0		 0		 *		0		 0			0			0				0			   0				0		3		0		3		3		0		0		0		0		0		0		0		0		0		0
366		  "致命一击几率提高"				0		 0		 0		 0		 0		 0		 *		0		 0			0			0				0			   0				3		3		3		3		3		3		0		0		0		0		0		0		0		0		0
367		  "魔法值完全恢复"					0		 0		 0		 0		 0		 0		 *		0		 0			0			0				0			   0				3		3		3		3		3		3		0		0		0		0		0		0		0		0		0
368		  "生命力完全恢复"					0		 0		 0		 0		 0		 0		 *		0		 0			0			0				0			   0				3		3		3		3		3		3		0		0		0		0		0		0		0		0		0
369		  "卓越一击几率提高"				0		 0		 0		 0		 0		 0		 *		0		 0			0			0				0			   0				3		3		3		3		3		3		0		0		0		0		0		0		0		0		0
370		  "双倍攻击几率提高"				0		 0		 0		 0		 0		 0		 *		0		 0			0			0				0			   0				3		3		3		3		3		3		0		0		0		0		0		0		0		0		0
371		  "无视防御几率提高"				0		 0		 0		 0		 0		 0		 *		0		 0			0			0				0			   0				3		3		3		3		3		3		0		0		0		0		0		0		0		0		0
372		  "SD完全恢复"					0		 0		 0		 0		 0		 0		 *		0		 0			0			0				0			   0				3		3		3		3		3		3		0		0		0		0		0		0		0		0		0
375		  "时空之翼防御强化"				0		 0		 0		 0		 0		 0		 *		0		 0			0			0				0			   0				3		0		0		0		0		0		0		0		0		0		0		0		0		0		0
377		  "时空之翼攻击强化"				0		 0		 0		 0		 0		 0		 *		0		 0			0			0				0			   0				3		0		0		0		0		0		0		0		0		0		0		0		0		0		0
378		  "火龙强化"						25		 55		 0		 0		 6		 0		 3		0		 35			0			0				0			   0				3		0		0		0		0		0		0		0		0		0		0		0		0		0		0
379		  "掌心雷强化"						17		 20		 0		 6		 0		 0		 2		0		 13			0			0				0			   0				3		0		0		0		0		0		0		0		0		0		0		0		0		0		0
380		  "法神附体强化"					0		 220	 55		 0		 0		 0		 *		138		 160		0			0				0			   0				3		0		0		0		0		0		0		0		0		0		0		0		0		0		0
381		  "毁灭烈焰强化"					100		 220	 0		 0		 6		 0		 3		0		 88			0			0				0			   0				3		0		0		0		0		0		0		0		0		0		0		0		0		0		0
382		  "爆炎强化"						70		 165	 0		 0		 6		 0		 2		0		 80			0			0				0			   0				3		0		0		0		0		0		0		0		0		0		0		0		0		0		0
383		  "法神附体精通"					0		 220	 55		 0		 0		 0		 *		139		 220		0			0				0			   0				3		0		0		0		0		0		0		0		0		0		0		0		0		0		0
384		  "毒咒强化"						12		 46		 0		 6		 0		 0		 1		55		 30			0			0				0			   0				3		0		0		0		0		0		0		0		0		0		0		0		0		0		0
385		  "黑龙波强化"						45		 108	 0		 0		 6		 0		 *		0		 50			0			0				0			   0				3		0		0		0		0		0		0		0		0		0		0		0		0		0		0
386		  "魔法精通"						0		 0		 0		 0		 0		 0		 *		0		 50			0			0				0			   0				3		0		0		0		0		0		0		0		0		0		0		0		0		0		0
387		  "毒炎强化"						95		 120	 10		 6		 4		 0		 1		55		 96			0			0				0			   0				3		0		0		0		0		0		0		0		0		0		0		0		0		0		0
388		  "地狱火强化"						120		 176	 0		 0		 6		 0		 3		0		 60			0			0				0			   0				3		0		0		0		0		0		0		0		0		0		0		0		0		0		0
389		  "冰封术强化"						10		 42		 0		 6		 0		 0		 0		56		 25			0			0				0			   0				3		0		0		0		0		0		0		0		0		0		0		0		0		0		0
390		  "陨石强化"						21		 13		 0		 6		 0		 0		 4		0		 21			0			0				0			   0				3		0		0		0		0		0		0		0		0		0		0		0		0		0		0
391		  "暴风雪强化"						80		 110	 5		 6		 4		 0		 0		56		 93			0			0				0			   0				3		0		0		0		0		0		0		0		0		0		0		0		0		0		0
392		  "毁灭烈焰强化"					22		 198	 49		 0		 6		 0		 3		0		 100		0			0				0			   0				3		0		0		0		0		0		0		0		0		0		0		0		0		0		0
393		  "暴风雪精通"					80		 110	 5		 6		 4		 0		 0		56		 93			0			0				0			   0				3		0		0		0		0		0		0		0		0		0		0		0		0		0		0
394		  "陨石精通"						21		 14		 0		 6		 0		 0		 4		0		 21			0			0				0			   0				3		0		0		0		0		0		0		0		0		0		0		0		0		0		0
397		  "单手杖强化"						0		 0		 0		 0		 0		 0		 *		0		 0			0			0				0			   0				3		0		0		3		0		0		0		0		0		0		0		0		0		0		0
398		  "双手杖强化"						0		 0		 0		 0		 0		 0		 *		0		 0			0			0				0			   0				3		0		0		3		0		0		0		0		0		0		0		0		0		0		0
399		  "盾牌强化"						0		 0		 0		 0		 0		 0		 *		0		 0			0			0				0			   0				3		0		0		0		0		0		0		0		0		0		0		0		0		0		0
400		  "单手杖精通"					0		 0		 0		 0		 0		 0		 *		0		 0			0			0				0			   0				3		0		0		3		0		0		0		0		0		0		0		0		0		0		0
401		  "双手杖精通"					0		 0		 0		 0		 0		 0		 *		0		 0			0			0				0			   0				3		0		0		3		0		0		0		0		0		0		0		0		0		0		0
402		  "盾牌精通"						0		 0		 0		 0		 0		 0		 *		0		 0			0			0				0			   0				3		0		0		0		0		0		0		0		0		0		0		0		0		0		0
403		  "守护之魂强化"					0		 77		 27		 6		 0		 0		 *		4		 77			0			0				0			   0				3		0		0		0		0		0		0		0		0		0		0		0		0		0		0
404		  "守护之魂熟练"					0		 84		 27		 6		 0		 0		 *		4		 77			0			0				0			   0				3		0		0		0		0		0		0		0		0		0		0		0		0		0		0
405		  "最小魔法攻击力提高"				0		 0		 0		 0		 0		 0		 *		0		 0			0			0				0			   0				3		0		0		3		0		0		0		0		0		0		0		0		0		0		0
406		  "守护之魂精通"					0		 92		 28		 6		 0		 0		 *		140		 0			0			0				0			   0				3		0		0		0		0		0		0		0		0		0		0		0		0		0		0
407		  "最大魔法值提高"					0		 0		 0		 0		 0		 0		 *		0		 0			0			0				0			   0				3		0		0		3		0		0		0		0		0		0		0		0		0		0		0
410		  "幻影之翼防御强化"				0		 0		 0		 0		 0		 0		 *		0		 0			0			0				0			   0				0		0		3		0		0		0		0		0		0		0		0		0		0		0		0
411		  "五重箭强化"						40		 11		 7		 0		 6		 0		 *		0		 100		0			0				0			   0				0		0		3		0		0		0		0		0		0		0		0		0		0		0		0
412		  "幻影之翼攻击强化"				0		 0		 0		 0		 0		 0		 *		0		 0			0			0				0			   0				0		0		3		0		0		0		0		0		0		0		0		0		0		0		0
413		  "治疗强化"						0		 22		 0		 6		 0		 0		 *		0		 0			0			0				0			   0				0		0		3		0		0		0		0		0		0		0		0		0		0		0		0
414		  "多重箭强化"						0		 5		 0		 0		 6		 0		 *		0		 0			0			0				0			   0				0		0		3		0		0		0		0		0		0		0		0		0		0		0		0
415		  "召唤兽强化 (1)"					0		 0		 0		 0		 0		 0		 *		0		 41			0			0				0			   0				0		0		3		0		0		0		0		0		0		0		0		0		0		0		0
416		  "穿透箭强化"						70		 10		 11		 0		 6		 0		 5		0		 130		0			0				0			   0				0		0		3		0		0		0		0		0		0		0		0		0		0		0		0
417		  "防御力提高强化"					0		 33		 0		 6		 0		 0		 *		2		 13			0			0				0			   0				0		0		3		0		0		0		0		0		0		0		0		0		0		0		0
418		  "多重箭精通"					0		 9		 0		 0		 6		 0		 *		0		 0			0			0				0			   0				0		0		3		0		0		0		0		0		0		0		0		0		0		0		0
419		  "召唤兽强化 (2)"					0		 0		 0		 0		 0		 0		 *		0		 41			0			0				0			   0				0		0		3		0		0		0		0		0		0		0		0		0		0		0		0
420		  "攻击力提高强化"					0		 44		 0		 6		 0		 0		 *		1		 18			0			0				0			   0				0		0		3		0		0		0		0		0		0		0		0		0		0		0		0
421		  "武器精通"						0		 0		 0		 0		 0		 0		 *		0		 0			0			0				0			   0				0		0		3		0		0		0		0		0		0		0		0		0		0		0		0
422		  "攻击力提高精通"					0		 48		 0		 6		 0		 0		 *		1		 18			0			0				0			   0				0		0		3		0		0		0		0		0		0		0		0		0		0		0		0
423		  "防御力提高精通"					0		 36		 0		 6		 0		 0		 *		2		 13			0			0				0			   0				0		0		3		0		0		0		0		0		0		0		0		0		0		0		0
424		  "冰箭强化"						105		 15		 18		 8		 0		 0		 0		57		 0			0			0				0			   0				0		0		3		0		0		0		0		0		0		0		0		0		0		0		0
425		  "驱散"							0		 72		 10		 6		 0		 3000	 *		0		 0			0			0				0			   0				0		0		3		0		0		0		0		0		0		0		0		0		0		0		0
426		  "组队治疗"						0		 66		 12		 6		 6		 10000	 *		0		 0			0			0				0			   0				0		0		3		0		0		0		0		0		0		0		0		0		0		0		0
427		  "毒箭"							27		 22		 27		 6		 0		 10000	 1		159		 0			0			0				0			   0				0		0		3		0		0		0		0		0		0		0		0		0		0		0		0
428		  "召唤兽强化 (3)"					0		 0		 0		 0		 0		 0		 *		0		 41			0			0				0			   0				0		0		3		0		0		0		0		0		0		0		0		0		0		0		0
429		  "组队治疗强化"					22		 72		 13		 6		 6		 10000	 *		0		 0			0			0				0			   0				0		0		3		0		0		0		0		0		0		0		0		0		0		0		0
430		  "祝福"							0		 108	 18		 6		 0		 3000	 *		142		 0			0			0				0			   0				0		0		3		0		0		0		0		0		0		0		0		0		0		0		0
431		  "五重箭精通"					40		 12		 8		 0		 6		 0		 *		0		 100		0			0				0			   0				0		0		3		0		0		0		0		0		0		0		0		0		0		0		0
432		  "萨迪洛斯召唤"					0		 525	 52		 0		 0		 0		 *		0		 0			0			0				0			   0				0		0		3		0		0		0		0		0		0		0		0		0		0		0		0
433		  "祝福强化"						0		 118	 20		 6		 0		 3000	 *		142		 0			0			0				0			   0				0		0		3		0		0		0		0		0		0		0		0		0		0		0		0
434		  "毒箭强化"						27		 24		 29		 6		 0		 10000	 1		160		 0			0			0				0			   0				0		0		3		0		0		0		0		0		0		0		0		0		0		0		0
435		  "弓类强化"						0		 0		 0		 0		 0		 0		 *		0		 0			0			0				0			   0				0		0		3		0		0		0		0		0		0		0		0		0		0		0		0
436		  "弩类强化"						0		 0		 0		 0		 0		 0		 *		0		 0			0			0				0			   0				0		0		3		0		0		0		0		0		0		0		0		0		0		0		0
437		  "盾牌类强化"						0		 0		 0		 0		 0		 0		 *		0		 0			0			0				0			   0				0		0		3		0		0		0		0		0		0		0		0		0		0		0		0
438		  "弓类精通"						0		 0		 0		 0		 0		 0		 *		0		 0			0			0				0			   0				0		0		3		0		0		0		0		0		0		0		0		0		0		0		0
439		  "弩类强化"						0		 0		 0		 0		 0		 0		 *		0		 0			0			0				0			   0				0		0		3		0		0		0		0		0		0		0		0		0		0		0		0
440		  "盾牌类精通"						0		 0		 0		 0		 0		 0		 *		0		 0			0			0				0			   0				0		0		3		0		0		0		0		0		0		0		0		0		0		0		0
441		  "无影箭强化"						0		 55		 11		 0		 0		 200	 *		143		 220		0			0				0			   0				0		0		3		0		0		0		0		0		0		0		0		0		0		0		0
442		  "最小攻击力提高"					0		 0		 0		 0		 0		 0		 *		0		 0			0			0				0			   0				0		0		3		0		0		0		0		0		0		0		0		0		0		0		0
443		  "最大攻击力提高"					0		 0		 0		 0		 0		 0		 *		0		 0			0			0				0			   0				0		0		3		0		0		0		0		0		0		0		0		0		0		0		0
446		  "次元之翼防御强化"				0		 0		 0		 0		 0		 0		 *		0		 0			0			0				0			   0				0		0		0		0		0		3		0		0		0		0		0		0		0		0		0
447		  "次元之翼攻击强化"				0		 0		 0		 0		 0		 0		 *		0		 0			0			0				0			   0				0		0		0		0		0		3		0		0		0		0		0		0		0		0		0
448		  "火属性之书强化"					0		 0		 0		 0		 0		 0		 *		0		 0			0			0				0			   0				0		0		0		0		0		3		0		0		0		0		0		0		0		0		0
449		  "风属性之书强化"					0		 0		 0		 0		 0		 0		 *		0		 0			0			0				0			   0				0		0		0		0		0		3		0		0		0		0		0		0		0		0		0
450		  "雷属性之书强化"					0		 0		 0		 0		 0		 0		 *		0		 0			0			0				0			   0				0		0		0		0		0		3		0		0		0		0		0		0		0		0		0
451		  "火属性之书精通"					0		 0		 0		 0		 0		 0		 *		0		 0			0			0				0			   0				0		0		0		0		0		3		0		0		0		0		0		0		0		0		0
452		  "风属性之书精通"					0		 0		 0		 0		 0		 0		 *		0		 0			0			0				0			   0				0		0		0		0		0		3		0		0		0		0		0		0		0		0		0
453		  "雷属性之书精通"					0		 0		 0		 0		 0		 0		 *		0		 0			0			0				0			   0				0		0		0		0		0		3		0		0		0		0		0		0		0		0		0
454		  "昏睡术强化"						0		 30		 7		 6		 0		 0		 *		72		 40			0			0				0			   0				0		0		0		0		0		3		0		0		0		0		0		0		0		0		0
455		  "链雷咒强化"						70		 103	 0		 6		 3		 0		 2		0		 75			0			0				0			   0				0		0		0		0		0		3		0		0		0		0		0		0		0		0		0
456		  "烈光闪强化"						95		 125	 10		 0		 5		 0		 2		85		 93			0			0				0			   0				0		0		0		0		0		3		0		0		0		0		0		0		0		0		0
457		  "魔法精通"						0		 0		 0		 0		 0		 0		 *		0		 0			0			0				0			   0				0		0		0		0		0		3		0		0		0		0		0		0		0		0		0
458		  "摄魂咒强化"						35		 57		 0		 6		 0		 0		 *		0		 35			0			0				0			   0				0		0		0		0		0		3		0		0		0		0		0		0		0		0		0
459		  "虚弱阵强化"						3		 55		 17		 0		 5		 4000	 *		162		 93			0			0				0			   0				0		0		0		0		0		3		0		0		0		0		0		0		0		0		0
460		  "破御阵强化"						3		 77		 17		 0		 5		 4000	 *		163		 111		0			0				0			   0				0		0		0		0		0		3		0		0		0		0		0		0		0		0		0
461		  "蒙眼煞"						0		 115	 25		 3		 0		 10000	 *		73		 0			0			0				0			   0				0		0		0		0		0		3		0		0		0		0		0		0		0		0		0
462		  "摄魂咒精通"					35		 62		 0		 6		 0		 0		 *		0		 35			0			0				0			   0				0		0		0		0		0		3		0		0		0		0		0		0		0		0		0
463		  "蒙眼煞强化"						0		 126	 27		 3		 0		 10000	 *		144		 0			0			0				0			   0				0		0		0		0		0		3		0		0		0		0		0		0		0		0		0
465		  "法杖强化"						0		 0		 0		 0		 0		 0		 *		0		 0			0			0				0			   0				0		0		0		0		0		3		0		0		0		0		0		0		0		0		0
466		  "异界之书强化"					0		 0		 0		 0		 0		 0		 *		0		 0			0			0				0			   0				0		0		0		0		0		3		0		0		0		0		0		0		0		0		0
467		  "法杖精通"						0		 0		 0		 0		 0		 0		 *		0		 0			0			0				0			   0				0		0		0		0		0		3		0		0		0		0		0		0		0		0		0
468		  "异界之书精通"					0		 0		 0		 0		 0		 0		 *		0		 0			0			0				0			   0				0		0		0		0		0		3		0		0		0		0		0		0		0		0		0
469		  "狂暴术强化"						0		 150	 65		 0		 0		 0		 *		150		 83			0			0				0			   0				0		0		0		0		0		3		0		0		0		0		0		0		0		0		0
470		  "狂暴术熟练"					0		 165	 82		 0		 0		 0		 *		151		 83			0			0				0			   0				0		0		0		0		0		3		0		0		0		0		0		0		0		0		0
471		  "最小魔法攻击力/诅咒力提高"		0		 0		 0		 0		 0		 0		 *		0		 0			0			0				0			   0				0		0		0		0		0		3		0		0		0		0		0		0		0		0		0
472		  "狂暴术精通"					0		 181	 90		 5		 0		 0		 *		152		 83			0			0				0			   0				0		0		0		0		0		3		0		0		0		0		0		0		0		0		0
473		  "最大魔法攻击力/诅咒力提高"		0		 0		 0		 0		 0		 0		 *		0		 0			0			0				0			   0				0		0		0		0		0		3		0		0		0		0		0		0		0		0		0
476		  "毁灭之翼防御强化"				0		 0		 0		 0		 0		 0		 *		0		 0			0			0				0			   0				0		0		0		3		0		0		0		0		0		0		0		0		0		0		0
478		  "毁灭之翼攻击强化"				0		 0		 0		 0		 0		 0		 *		0		 0			0			0				0			   0				0		0		0		3		0		0		0		0		0		0		0		0		0		0		0
479		  "旋风斩强化"						0		 9		 0		 2		 0		 0		 *		0		 0			0			0				0			   0				0		0		0		3		0		0		0		0		0		0		0		0		0		0		0
480		  "掌心雷强化"						17		 20		 0		 6		 0		 0		 2		0		 13			0			0				0			   0				0		0		0		3		0		0		0		0		0		0		0		0		0		0		0
481		  "霹雳回旋斩强化"					0		 10		 10		 0		 3		 0		 5		0		 0			0			0				0			   0				0		0		0		3		0		0		0		0		0		0		0		0		0		0		0
482		  "天雷闪强化"						0		 15		 0		 0		 5		 0		 *		0		 0			0			0				0			   0				0		0		0		3		0		0		0		0		0		0		0		0		0		0		0
483		  "火龙强化"						25		 55		 0		 0		 6		 0		 3		0		 35			0			0				0			   0				0		0		0		3		0		0		0		0		0		0		0		0		0		0		0
484		  "爆炎强化"						70		 165	 0		 0		 6		 0		 2		0		 80			0			0				0			   0				0		0		0		3		0		0		0		0		0		0		0		0		0		0		0
485		  "武器精通"						0		 0		 0		 0		 0		 0		 *		0		 0			0			0				0			   0				0		0		0		3		0		0		0		0		0		0		0		0		0		0		0
486		  "毁灭烈焰强化"					100		 220	 0		 0		 6		 0		 3		0		 88			0			0				0			   0				0		0		0		3		0		0		0		0		0		0		0		0		0		0		0
487		  "黑龙波强化"						45		 108	 0		 0		 6		 0		 *		0		 50			0			0				0			   0				0		0		0		3		0		0		0		0		0		0		0		0		0		0		0
488		  "魔法精通"						0		 0		 0		 0		 0		 0		 *		0		 0			0			0				0			   0				0		0		0		3		0		0		0		0		0		0		0		0		0		0		0
489		  "冰封强化"						10		 42		 0		 6		 0		 0		 0		56		 25			0			0				0			   0				0		0		0		3		0		0		0		0		0		0		0		0		0		0		0
490		  "玄月斩强化"						80		 15		 22		 2		 6		 0		 1		58		 0			0			0				0			   0				0		0		0		3		0		0		0		0		0		0		0		0		0		0		0
491		  "冰封精通"						1		 46		 0		 6		 0		 0		 0		56		 25			0			0				0			   0				0		0		0		3		0		0		0		0		0		0		0		0		0		0		0
492		  "火剑袭强化"						140		 30		 37		 0		 5		 0		 3		83		 0			0			0				0			   0				0		0		0		3		0		0		0		0		0		0		0		0		0		0		0
493		  "玄月斩精通"					80		 17		 24		 2		 6		 0		 1		164		 0			0			0				0			   0				0		0		0		3		0		0		0		0		0		0		0		0		0		0		0
494		  "火剑袭精通"					140		 33		 40		 0		 5		 0		 3		83		 0			0			0				0			   0				0		0		0		3		0		0		0		0		0		0		0		0		0		0		0
495		  "地牢术"						26		 180	 15		 0		 4		 10000	 4		147		 0			0			0				0			   0				3		0		0		3		0		0		0		0		0		0		0		0		0		0		0
496		  "闪电轰顶强化"					110		 132	 11		 0		 6		 0		 5		0		 220		0			0				0			   0				0		0		0		3		0		0		0		0		0		0		0		0		0		0		0
497		  "地牢术强化"						26		 198	 17		 0		 4		 10000	 0		147		 0			0			0				0			   0				3		0		0		3		0		0		0		0		0		0		0		0		0		0		0
505		  "帝王披风防御强化"				0		 0		 0		 0		 0		 0		 *		0		 0			0			0				0			   0				0		0		0		0		3		0		0		0		0		0		0		0		0		0		0
506		  "统率属性提高"					0		 0		 0		 0		 0		 0		 *		0		 0			0			0				0			   0				0		0		0		0		3		0		0		0		0		0		0		0		0		0		0
507		  "帝王披风攻击强化"				0		 0		 0		 0		 0		 0		 *		0		 0			0			0				0			   0				0		0		0		0		3		0		0		0		0		0		0		0		0		0		0
508		  "星云火链强化"					100		 25		 0		 6		 3		 0		 *		0		 74			0			0				0			   0				0		0		0		0		3		0		0		0		0		0		0		0		0		0		0
509		  "冲击波强化"						50		 15		 0		 4		 3		 0		 *		0		 0			0			0				0			   0				0		0		0		0		3		0		0		0		0		0		0		0		0		0		0
510		  "黑王马强化"						0		 0		 0		 0		 0		 0		 *		0		 0			0			0				0			   0				0		0		0		0		3		0		0		0		0		0		0		0		0		0		0
511		  "致命圣印强化"					0		 75		 75		 6		 6		 0		 *		5		 82			0			0				0			   0				0		0		0		0		3		0		0		0		0		0		0		0		0		0		0
512		  "地裂强化"						150		 0		 75		 0		 5		 10000	 2		0		 0			0			0				0			   0				0		0		0		0		3		0		0		0		0		0		0		0		0		0		0
513		  "武器精通"						0		 0		 0		 0		 0		 0		 *		0		 0			0			0				0			   0				0		0		0		0		3		0		0		0		0		0		0		0		0		0		0
514		  "星云火链精通"					100		 27		 0		 6		 3		 0		 *		0		 74			0			0				0			   0				0		0		0		0		3		0		0		0		0		0		0		0		0		0		0
515		  "致命一击增加强化 (2)"			0		 82		 82		 6		 6		 0		 *		5		 82			0			0				0			   0				0		0		0		0		3		0		0		0		0		0		0		0		0		0		0
516		  "地裂精通"						150		 0		 75		 0		 5		 10000	 2		0		 0			0			0				0			   0				0		0		0		0		3		0		0		0		0		0		0		0		0		0		0
517		  "致命一击增加强化 (3)"			0		 100	 100	 6		 6		 0		 *		148		 82			0			0				0			   0				0		0		0		0		3		0		0		0		0		0		0		0		0		0		0
518		  "火舞旋风强化"					130		 45		 11		 4		 6		 0		 *		0		 102		0			0				0			   0				0		0		0		0		3		0		0		0		0		0		0		0		0		0		0
519		  "闪电之舞强化"					250		 0		 150	 10		 0		 5000	 *		0		 92			0			0				0			   0				0		0		0		0		3		0		0		0		0		0		0		0		0		0		0
520		  "火舞旋风精通"					130		 49		 12		 4		 6		 32		 *		0		 102		0			0				0			   0				0		0		0		0		3		0		0		0		0		0		0		0		0		0		0
521		  "钢铁防御"						0		 64		 29		 0		 0		 60000	 *		134		 0			0			0				0			   0				0		0		0		0		3		0		0		0		0		0		0		0		0		0		0
522		  "致命圣印精通"					0		 110	 110	 6		 6		 300	 *		149		 0			0			0				0			   0				0		0		0		0		3		0		0		0		0		0		0		0		0		0		0
523		  "黑暗之力强化"					190		 75		 22		 0		 6		 0		 *		0		 100		0			0				0			   0				0		0		0		0		3		0		0		0		0		0		0		0		0		0		0
524		  "钢铁防御强化"					0		 70		 31		 0		 0		 60000	 *		165		 0			0			0				0			   0				0		0		0		0		3		0		0		0		0		0		0		0		0		0		0
526		  "天鹰强化"						0		 0		 0		 0		 0		 0		 *		0		 0			0			0				0			   0				0		0		0		0		3		0		0		0		0		0		0		0		0		0		0
527		  "权杖强化"						0		 0		 0		 0		 0		 0		 *		0		 0			0			0				0			   0				0		0		0		0		3		0		0		0		0		0		0		0		0		0		0
528		  "盾牌强化"						0		 0		 0		 0		 0		 0		 *		0		 0			0			0				0			   0				0		0		0		0		3		0		0		0		0		0		0		0		0		0		0
529		  "权杖强化 : 宠物强化"				0		 0		 0		 0		 0		 0		 *		0		 0			0			0				0			   0				0		0		0		0		3		0		0		0		0		0		0		0		0		0		0
530		  "天鹰强化 (2)"					0		 0		 0		 0		 0		 0		 *		0		 0			0			0				0			   0				0		0		0		0		3		0		0		0		0		0		0		0		0		0		0
531		  "权杖精通"						0		 0		 0		 0		 0		 0		 *		0		 0			0			0				0			   0				0		0		0		0		3		0		0		0		0		0		0		0		0		0		0
532		  "盾牌精通"						0		 0		 0		 0		 0		 0		 *		0		 0			0			0				0			   0				0		0		0		0		3		0		0		0		0		0		0		0		0		0		0
533		  "统帅攻击力 增加"				0		 0		 0		 0		 0		 0		 *		0		 0			0			0				0			   0				0		0		0		0		3		0		0		0		0		0		0		0		0		0		0
534		  "天鹰强化 (3)"					0		 0		 0		 0		 0		 0		 *		0		 0			0			0				0			   0				0		0		0		0		3		0		0		0		0		0		0		0		0		0		0
535		  "宠物生命值强化"					0		 0		 0		 0		 0		 0		 *		0		 0			0			0				0			   0				0		0		0		0		3		0		0		0		0		0		0		0		0		0		0
536		  "天鹰强化 (4)"					0		 0		 0		 0		 0		 0		 *		0		 0			0			0				0			   0				0		0		0		0		3		0		0		0		0		0		0		0		0		0		0
538		  "天鹰强化 (5)"					0		 0		 0		 0		 0		 0		 *		0		 0			0			0				0			   0				0		0		0		0		3		0		0		0		0		0		0		0		0		0		0
539		  "精神之王"						0		 0		 0		 0		 0		 0		 *		0		 0			0			0				0			   0				0		0		0		0		3		0		0		0		0		0		0		0		0		0		0
549		  "武者披风防御强化"				0		 0		 0		 0		 0		 0		 *		0		 0			0			0				0			   0				0		0		0		0		0		0		3		0		0		0		0		0		0		0		0
550		  "武者披风攻击强化"				0		 0		 0		 0		 0		 0		 *		0		 0			0			0				0			   0				0		0		0		0		0		0		3		0		0		0		0		0		0		0		0
551		  "幽冥青狼拳强化"					0		 10		 0		 2		 0		 0		 4		76		 0			0			0				0			   0				0		0		0		0		0		0		3		0		0		0		0		0		0		0		0
552		  "斗气爆裂拳强化"					0		 10		 0		 2		 0		 0		 3		58		 0			0			0				0			   0				0		0		0		0		0		0		3		0		0		0		0		0		0		0		0
554		  "幽冥青狼拳精通"					0		 10		 0		 2		 0		 0		 4		76		 0			0			0				0			   0				0		0		0		0		0		0		3		0		0		0		0		0		0		0		0
555		  "斗气爆裂拳精通"					0		 10		 0		 2		 0		 0		 3		58		 0			0			0				0			   0				0		0		0		0		0		0		3		0		0		0		0		0		0		0		0
556		  "防御成功率增加"					0		 0		 0		 0		 0		 0		 *		0		 0			0			0				0			   0				0		0		0		0		0		0		3		0		0		0		0		0		0		0		0
557		  "武器精通"						0		 0		 0		 0		 0		 0		 *		0		 0			0			0				0			   0				0		0		0		0		0		0		3		0		0		0		0		0		0		0		0
558		  "回旋踢强化"						0		 22		 22		 4		 0		 700	 0		86		 150		0			0				0			   0				0		0		0		0		0		0		3		0		0		0		0		0		0		0		0
559		  "幽冥光速拳强化"					0		 84		 0		 4		 3		 0		 5		0		 180		0			0				0			   0				0		0		0		0		0		0		3		0		0		0		0		0		0		0		0
560		  "炎龙拳强化"						0		 60		 33		 3		 5		 700	 4		0		 150		0			0				0			   0				0		0		0		0		0		0		3		0		0		0		0		0		0		0		0
561		  "炎龙拳精通"					0		 66		 36		 3		 5		 700	 4		0		 150		0			0				0			   0				0		0		0		0		0		0		3		0		0		0		0		0		0		0		0
562		  "回旋踢精通"					0		 24		 22		 4		 0		 700	 0		86		 150		0			0				0			   0				0		0		0		0		0		0		3		0		0		0		0		0		0		0		0
563		  "幽冥光速拳精通"					0		 92		 0		 4		 4		 0		 5		0		 180		0			0				0			   0				0		0		0		0		0		0		3		0		0		0		0		0		0		0		0
564		  "嗜血之龙强化"					0		 110	 110	 4		 0		 3000	 5		0		 200		0			0				0			   0				0		0		0		0		0		0		3		0		0		0		0		0		0		0		0
565		  "鲜血咆哮"						0		 100	 200	 4		 0		 120000	 *		166		 0			0			0				0			   0				0		0		0		0		0		0		3		0		0		0		0		0		0		0		0
566		  "嗜血之龙精通"					0		 121	 121	 4		 0		 3000	 5		0		 200		0			0				0			   0				0		0		0		0		0		0		3		0		0		0		0		0		0		0		0
567		  "鲜血咆哮强化"					0		 110	 220	 4		 0		 120000	 *		167		 0			0			0				0			   0				0		0		0		0		0		0		3		0		0		0		0		0		0		0		0
568		  "装备武器强化"					0		 0		 0		 0		 0		 0		 *		0		 0			0			0				0			   0				0		0		0		0		0		0		3		0		0		0		0		0		0		0		0
569		  "斗神-御 强化"					0		 55		 11		 0		 5		 0		 *		153		 50			0			0				0			   0				0		0		0		0		0		0		3		0		0		0		0		0		0		0		0
571		  "装备武器精通"					0		 0		 0		 0		 0		 0		 *		0		 0			0			0				0			   0				0		0		0		0		0		0		3		0		0		0		0		0		0		0		0
572		  "斗神-御 精通"					0		 60		 12		 0		 5		 0		 *		154		 50			0			0				0			   0				0		0		0		0		0		0		3		0		0		0		0		0		0		0		0
573		  "斗神-命 强化"					0		 55		 11		 0		 5		 0		 *		155		 80			0			0				0			   0				0		0		0		0		0		0		3		0		0		0		0		0		0		0		0
578		  "减少耐久 (1)"					0		 0		 0		 0		 0		 0		 *		0		 0			0			0				0			   0				0		0		0		0		0		0		3		0		0		0		0		0		0		0		0
579		  "PVP防御率提高"					0		 0		 0		 0		 0		 0		 *		0		 0			0			0				0			   0				0		0		0		0		0		0		3		0		0		0		0		0		0		0		0
580		  "提高最大SD"					0		 0		 0		 0		 0		 0		 *		0		 0			0			0				0			   0				0		0		0		0		0		0		3		0		0		0		0		0		0		0		0
581		  "魔法值自动恢复力增加"				0		 0		 0		 0		 0		 0		 *		0		 0			0			0				0			   0				0		0		0		0		0		0		3		0		0		0		0		0		0		0		0
582		  "毒抵抗力提高"					0		 0		 0		 0		 0		 0		 *		0		 0			0			0				0			   0				0		0		0		0		0		0		3		0		0		0		0		0		0		0		0
583		  "减少耐久 (2)"					0		 0		 0		 0		 0		 0		 *		0		 0			0			0				0			   0				0		0		0		0		0		0		3		0		0		0		0		0		0		0		0
584		  "SD恢复速度提高"					0		 0		 0		 0		 0		 0		 *		0		 0			0			0				0			   0				0		0		0		0		0		0		3		0		0		0		0		0		0		0		0
585		  "生命力自动恢复力增加"				0		 0		 0		 0		 0		 0		 *		0		 0			0			0				0			   0				0		0		0		0		0		0		3		0		0		0		0		0		0		0		0
586		  "雷抵抗力提高"					0		 0		 0		 0		 0		 0		 *		0		 0			0			0				0			   0				0		0		0		0		0		0		3		0		0		0		0		0		0		0		0
587		  "防御力增加"					0		 0		 0		 0		 0		 0		 *		0		 0			0			0				0			   0				0		0		0		0		0		0		3		0		0		0		0		0		0		0		0
588		  "自动AG 恢复力增加"				0		 0		 0		 0		 0		 0		 *		0		 0			0			0				0			   0				0		0		0		0		0		0		3		0		0		0		0		0		0		0		0
589		  "冰抵抗力提高"					0		 0		 0		 0		 0		 0		 *		0		 0			0			0				0			   0				0		0		0		0		0		0		3		0		0		0		0		0		0		0		0
590		  "减少耐久 (3)"					0		 0		 0		 0		 0		 0		 *		0		 0			0			0				0			   0				0		0		0		0		0		0		3		0		0		0		0		0		0		0		0
591		  "防御成功率提高"					0		 0		 0		 0		 0		 0		 *		0		 0			0			0				0			   0				0		0		0		0		0		0		3		0		0		0		0		0		0		0		0
593		  "套装防御力增加"					0		 0		 0		 0		 0		 0		 *		0		 0			0			0				0			   0				0		0		0		0		0		0		3		0		0		0		0		0		0		0		0
594		  "复仇"							0		 0		 0		 0		 0		 0		 *		0		 0			0			0				0			   0				0		0		0		0		0		0		3		0		0		0		0		0		0		0		0
595		  "智力属性增加"					0		 0		 0		 0		 0		 0		 *		0		 0			0			0				0			   0				0		0		0		0		0		0		3		0		0		0		0		0		0		0		0
596		  "体力属性增加"					0		 0		 0		 0		 0		 0		 *		0		 0			0			0				0			   0				0		0		0		0		0		0		3		0		0		0		0		0		0		0		0
597		  "敏捷属性增加"					0		 0		 0		 0		 0		 0		 *		0		 0			0			0				0			   0				0		0		0		0		0		0		3		0		0		0		0		0		0		0		0
598		  "力量属性增加"					0		 0		 0		 0		 0		 0		 *		0		 0			0			0				0			   0				0		0		0		0		0		0		3		0		0		0		0		0		0		0		0
599		  "攻击成功率提高"					0		 0		 0		 0		 0		 0		 *		0		 0			0			0				0			   0				0		0		0		0		0		0		3		0		0		0		0		0		0		0		0
600		  "最大生命力 增加"				0		 0		 0		 0		 0		 0		 *		0		 0			0			0				0			   0				0		0		0		0		0		0		3		0		0		0		0		0		0		0		0
601		  "最大魔法值增加"					0		 0		 0		 0		 0		 0		 *		0		 0			0			0				0			   0				0		0		0		0		0		0		3		0		0		0		0		0		0		0		0
602		  "最大AG 增加"					0		 0		 0		 0		 0		 0		 *		0		 0			0			0				0			   0				0		0		0		0		0		0		3		0		0		0		0		0		0		0		0
603		  "PVP攻击率提高"					0		 0		 0		 0		 0		 0		 *		0		 0			0			0				0			   0				0		0		0		0		0		0		3		0		0		0		0		0		0		0		0
604		  "魔法值减少"					0		 0		 0		 0		 0		 0		 *		0		 0			0			0				0			   0				0		0		0		0		0		0		3		0		0		0		0		0		0		0		0
605		  "杀怪时SD恢复"					0		 0		 0		 0		 0		 0		 *		0		 0			0			0				0			   0				0		0		0		0		0		0		3		0		0		0		0		0		0		0		0
606		  "杀怪时生命力恢复"				0		 0		 0		 0		 0		 0		 *		0		 0			0			0				0			   0				0		0		0		0		0		0		3		0		0		0		0		0		0		0		0
607		  "最小攻击力提高"					0		 0		 0		 0		 0		 0		 *		0		 0			0			0				0			   0				0		0		0		0		0		0		3		0		0		0		0		0		0		0		0
608		  "杀怪时魔力恢复"					0		 0		 0		 0		 0		 0		 *		0		 0			0			0				0			   0				0		0		0		0		0		0		3		0		0		0		0		0		0		0		0
609		  "最大攻击力提高"					0		 0		 0		 0		 0		 0		 *		0		 0			0			0				0			   0				0		0		0		0		0		0		3		0		0		0		0		0		0		0		0
610		  "致命一击几率提高"				0		 0		 0		 0		 0		 0		 *		0		 0			0			0				0			   0				0		0		0		0		0		0		3		0		0		0		0		0		0		0		0
611		  "魔法值完全恢复"					0		 0		 0		 0		 0		 0		 *		0		 0			0			0				0			   0				0		0		0		0		0		0		3		0		0		0		0		0		0		0		0
612		  "生命力完全恢复"					0		 0		 0		 0		 0		 0		 *		0		 0			0			0				0			   0				0		0		0		0		0		0		3		0		0		0		0		0		0		0		0
613		  "卓越一击几率提高"				0		 0		 0		 0		 0		 0		 *		0		 0			0			0				0			   0				0		0		0		0		0		0		3		0		0		0		0		0		0		0		0
614		  "双倍攻击几率提高"				0		 0		 0		 0		 0		 0		 *		0		 0			0			0				0			   0				0		0		0		0		0		0		3		0		0		0		0		0		0		0		0
615		  "无视防御几率提高"				0		 0		 0		 0		 0		 0		 *		0		 0			0			0				0			   0				0		0		0		0		0		0		3		0		0		0		0		0		0		0		0
616		  "SD完全恢复"					0		 0		 0		 0		 0		 0		 *		0		 0			0			0				0			   0				0		0		0		0		0		0		3		0		0		0		0		0		0		0		0
617		  "三倍攻击几率提高"				0		 0		 0		 0		 0		 0		 *		0		 0			0			0				0			   0				0		0		0		0		0		0		3		0		0		0		0		0		0		0		0
end
