//|================================================================|
//| Zythe CashShop Editor                                          |
//| Credit: Zyth3/louis                          [skype:tec-facil] |
//|================================================================|
//ID	Number	Value	Item	Level	Skill	Luck	Option	ExOpt	AncOp	JOH	Oexe	Socket1	Socket2	Socket3	Socket4	Socket5	Qtd	Duration	Comment
1000	1000	1000	0	13	1	1	0	63	0	0	0	255	255	255	255	255	0	0	// Kris (1 UN)
1010	1010	1000	1	13	1	1	0	63	0	0	0	255	255	255	255	255	0	0	// Short Sword (1 UN)
1020	1020	1000	2	13	1	1	0	63	0	0	0	255	255	255	255	255	0	0	// Rapier (1 UN)
1030	1030	1000	3	13	1	1	0	63	0	0	0	255	255	255	255	255	0	0	// Katana (1 UN)
1040	1040	1000	4	13	1	1	7	63	0	0	0	255	255	255	255	255	0	0	// Sword of Assassin (1 UN)
1050	1050	1000	5	13	1	1	0	63	0	0	0	255	255	255	255	255	0	0	// Blade (1 UN)
1060	1060	1000	6	13	1	1	0	63	0	0	0	255	255	255	255	255	0	0	// Gladius (1 UN)
1070	1070	1000	7	13	1	1	0	63	0	0	0	255	255	255	255	255	0	0	// Falchion (1 UN)
1080	1080	1000	8	13	1	1	0	63	0	0	0	255	255	255	255	255	0	0	// Serpent Sword (1 UN)
1090	1090	1000	9	13	1	1	0	63	0	0	0	255	255	255	255	255	0	0	// Sword of Salamander (1 UN)
1100	1100	1000	10	13	1	1	0	63	0	0	0	255	255	255	255	255	0	0	// Light Saber (1 UN)
1110	1110	1000	12	13	1	1	0	63	0	0	0	255	255	255	255	255	0	0	// Heliacal Sword (1 UN)
1120	1120	1000	13	13	1	1	0	63	0	0	0	255	255	255	255	255	0	0	// Double Blade (1 UN)
1130	1130	1000	14	13	1	1	0	63	0	0	0	255	255	255	255	255	0	0	// Lighting Sword (1 UN)
1140	1140	1000	15	13	1	1	0	63	0	0	0	255	255	255	255	255	0	0	// Giant Sword (1 UN)
1150	1150	1200	16	13	1	1	0	63	0	0	0	255	255	255	255	255	0	0	// Sword of Destruction (1 UN)
1160	1160	1200	17	13	1	1	0	63	0	0	0	255	255	255	255	255	0	0	// Dark Breaker (1 UN)
1170	1170	1200	18	13	1	1	0	63	0	0	0	255	255	255	255	255	0	0	// Thunder Blade (1 UN)
1180	1180	1200	19	13	1	1	0	63	0	0	0	255	255	255	255	255	0	0	// Divine Sword of Archangel (1 UN)
1190	1190	1200	20	13	1	1	0	63	0	0	0	255	255	255	255	255	0	0	// Knight Blade (1 UN)
1200	1200	1200	21	13	1	1	0	63	0	0	0	255	255	255	255	255	0	0	// Dark Reign Blade (1 UN)
1210	1210	1800	22	13	1	1	0	63	0	0	0	255	255	255	255	255	0	0	// Bone Blade (1 UN)
1220	1220	1800	23	13	1	1	0	63	0	0	0	255	255	255	255	255	0	0	// Explosion Blade (1 UN)
1230	1230	1800	24	13	1	1	0	63	0	0	0	255	255	255	255	255	0	0	// Daybreak (1 UN)
1240	1240	1800	25	13	1	1	0	63	0	0	0	255	255	255	255	255	0	0	// Sword Dancer (1 UN)
1250	1250	5000	26	13	1	1	0	63	0	0	0	255	255	255	255	255	0	0	// Flameberge 7 Dias (1 UN)
1260	1260	5000	27	13	1	1	0	63	0	0	0	255	255	255	255	255	0	0	// Sword Breaker 7 Dias (1 UN)
1270	1270	5000	28	13	1	1	0	63	0	0	0	255	255	255	255	255	0	0	// Rune Bastard Sword  (1 UN)
1280	1280	25	512	13	1	1	7	63	0	0	0	255	255	255	255	255	0	0	// Small Axe (1 UN)
1290	1290	25	513	13	1	1	0	63	0	0	0	255	255	255	255	255	0	0	// Hand Axe (1 UN)
1300	1300	5000	29	13	1	1	0	63	0	0	0	255	255	255	255	255	0	0	// Mace Of King Omitir Imagen (1 UN)
1310	1310	25	514	13	1	1	7	63	0	0	0	255	255	255	255	255	0	0	// Double Axe (1 UN)
1320	1320	25	515	13	1	1	0	63	0	0	0	255	255	255	255	255	0	0	// Tomahawk (1 UN)
1330	1330	50	516	13	1	1	0	63	0	0	0	255	255	255	255	255	0	0	// Elven Axe (1 UN)
1340	1340	50	517	13	1	1	0	63	0	0	0	255	255	255	255	255	0	0	// Battle Axe (1 UN)
1350	1350	50	518	13	1	1	0	63	0	0	0	255	255	255	255	255	0	0	// Nikea Axe (1 UN)
1360	1360	50	519	13	1	1	0	63	0	0	0	255	255	255	255	255	0	0	// Larkan Axe (1 UN)
1370	1370	50	520	13	1	1	0	63	0	0	0	255	255	255	255	255	0	0	// Crescent Axe (1 UN)
1380	1380	1000	1024	13	1	1	0	63	0	0	0	255	255	255	255	255	0	0	// Mace (1 UN)
1390	1390	1000	1025	13	1	1	0	63	0	0	0	255	255	255	255	255	0	0	// Morning Star (1 UN)
1400	1400	1000	1026	13	1	1	0	63	0	0	0	255	255	255	255	255	0	0	// Flail (1 UN)
1410	1410	1000	1027	13	1	1	0	63	0	0	0	255	255	255	255	255	0	0	// Great Hammer (1 UN)
1420	1420	1000	1028	13	1	1	0	63	0	0	0	255	255	255	255	255	0	0	// Crystal Morning Star (1 UN)
1430	1430	1000	1029	13	1	1	0	63	0	0	0	255	255	255	255	255	0	0	// Crystal Sword (1 UN)
1440	1440	1000	1030	13	1	1	0	63	0	0	0	255	255	255	255	255	0	0	// Chaos Dragon Axe (1 UN)
1450	1450	1000	1031	13	1	1	0	63	0	0	0	255	255	255	255	255	0	0	// Elemental Mace (1 UN)
1460	1460	1000	1032	13	1	1	0	63	0	0	0	255	255	255	255	255	0	0	// Battle Scepter (1 UN)
1470	1470	1200	1033	13	1	1	0	63	0	0	0	255	255	255	255	255	0	0	// Master Scepter (1 UN)
1480	1480	1200	1034	13	1	1	0	63	0	0	0	255	255	255	255	255	0	0	// Great Scepter (1 UN)
1490	1490	1200	1035	13	1	1	0	63	0	0	0	255	255	255	255	255	0	0	// Lord Scepter (1 UN)
1500	1500	1200	1036	13	1	1	0	63	0	0	0	255	255	255	255	255	0	0	// Great Lord Scepter (1 UN)
1510	1510	1800	1037	13	1	1	0	63	0	0	0	255	255	255	255	255	0	0	// Divine Scepter of Archangel (1 UN)
1520	1520	1800	1038	13	1	1	0	63	0	0	0	255	255	255	255	255	0	0	// Soleil Sceptor (1 UN)
1530	1530	1800	1039	13	1	1	0	63	0	0	0	255	255	255	255	255	0	0	// Shining Scepter (1 UN)
1540	1540	1000	1536	13	1	1	7	63	0	0	0	255	255	255	255	255	0	0	// Light Spear (1 UN)
1550	1550	1000	1537	13	1	1	0	63	0	0	0	255	255	255	255	255	0	0	// Spear (1 UN)
1560	1560	1000	1538	13	1	1	0	63	0	0	0	255	255	255	255	255	0	0	// Dragon Lance (1 UN)
1570	1570	1000	1539	13	1	1	0	63	0	0	0	255	255	255	255	255	0	0	// Giant Trident (1 UN)
1580	1580	1000	1540	13	1	1	0	63	0	0	0	255	255	255	255	255	0	0	// Serpent Spear (1 UN)
1590	1590	1000	1541	13	1	1	0	63	0	0	0	255	255	255	255	255	0	0	// Double Poleaxe (1 UN)
1600	1600	1000	1542	13	1	1	0	63	0	0	0	255	255	255	255	255	0	0	// Halberd (1 UN)
1610	1610	1000	1543	13	1	1	0	63	0	0	0	255	255	255	255	255	0	0	// Berdysh (1 UN)
1620	1620	1200	1544	13	1	1	0	63	0	0	0	255	255	255	255	255	0	0	// Great Scythe (1 UN)
1630	1630	1500	1545	13	1	1	0	63	0	0	0	255	255	255	255	255	0	0	// Bill of Balrog (1 UN)
1640	1640	1500	1546	13	1	1	0	63	0	0	0	255	255	255	255	255	0	0	// Dragon Spear (1 UN)
1650	1650	5000	1547	13	1	1	0	63	0	0	0	255	255	255	255	255	0	0	// Brova (1 UN)
1660	1660	5000	1548	13	1	1	0	63	0	0	0	255	255	255	255	255	0	0	// Magmus Peer (1 UN)
1670	1670	50	2048	13	1	1	7	63	0	0	0	255	255	255	255	255	0	0	// Short Bow (1 UN)
1680	1680	50	2049	13	1	1	7	63	0	0	0	255	255	255	255	255	0	0	// Bow (1 UN)
1690	1690	75	2050	13	1	1	7	63	0	0	0	255	255	255	255	255	0	0	// Elven Bow (1 UN)
1700	1700	90	2051	13	1	1	7	63	0	0	0	255	255	255	255	255	0	0	// Battle Bow (1 UN)
1710	1710	90	2052	13	1	1	7	63	0	0	0	255	255	255	255	255	0	0	// Tiger Bow (1 UN)
1720	1720	110	2053	13	1	1	7	63	0	0	0	255	255	255	255	255	0	0	// Silver Bow (1 UN)
1730	1730	150	2054	13	1	1	7	63	0	0	0	255	255	255	255	255	0	0	// Chaos Nature Bow (1 UN)
1740	1740	15	2055	13	1	1	7	63	0	0	0	255	255	255	255	255	0	0	// Bolt (1 UN)
1750	1750	15	2056	13	1	1	7	63	0	0	0	255	255	255	255	255	0	0	// Crossbow (1 UN)
1760	1760	25	2056	13	1	1	7	63	0	0	0	255	255	255	255	255	0	0	// Crossbow (1 UN)
1770	1770	25	2057	13	1	1	7	63	0	0	0	255	255	255	255	255	0	0	// Golden Crossbow (1 UN)
1780	1780	35	2058	13	1	1	7	63	0	0	0	255	255	255	255	255	0	0	// Arquebus (1 UN)
1790	1790	40	2059	13	1	1	7	63	0	0	0	255	255	255	255	255	0	0	// Light Crossbow (1 UN)
1800	1800	45	2060	13	1	1	7	63	0	0	0	255	255	255	255	255	0	0	// Serpent Crossbow (1 UN)
1810	1810	45	2061	13	1	1	7	63	0	0	0	255	255	255	255	255	0	0	// Bluewing Crossbow (1 UN)
1820	1820	55	2062	13	1	1	7	63	0	0	0	255	255	255	255	255	0	0	// Aquagold Crossbow (1 UN)
1830	1830	1200	2064	13	1	1	0	63	0	0	0	255	255	255	255	255	0	0	// Saint Crossbow (1 UN)
1840	1840	1200	2065	13	1	1	0	63	0	0	0	255	255	255	255	255	0	0	// Celestial Bow (1 UN)
1850	1850	1200	2066	13	1	1	0	63	0	0	0	255	255	255	255	255	0	0	// Divine Crossbow of Archangel (1 UN)
1860	1860	1500	2067	13	1	1	0	63	0	0	0	255	255	255	255	255	0	0	// Great Reign Crossbow (1 UN)
1870	1870	1500	2068	13	1	1	0	63	0	0	0	255	255	255	255	255	0	0	// Arrow Viper Bow (1 UN)
1880	1880	1800	2069	13	1	1	0	63	0	0	0	255	255	255	255	255	0	0	// Sylph Wind Bow (1 UN)
1890	1890	1800	2070	13	1	1	0	63	0	0	0	255	255	255	255	255	0	0	// Albatross Bow (1 UN)
1900	1900	1800	2071	13	1	1	0	63	0	0	0	255	255	255	255	255	0	0	// Dark Stinger (1 UN)
1910	1910	1800	2072	13	1	1	0	63	0	0	0	255	255	255	255	255	0	0	// Aileen Bowr (1 UN)
1920	1920	1300	5655	13	1	1	0	63	0	0	0	255	255	255	255	255	0	0	// Hurricane Boots (1 UN)
1930	1930	15000	2	13	1	1	0	63	5	0	0	255	255	255	255	255	0	0	// Rapier (1 UN)
1940	1940	45	2560	13	1	1	7	63	0	0	0	255	255	255	255	255	0	0	// Skull Staff (1 UN)
1950	1950	45	2561	13	1	1	7	63	0	0	0	255	255	255	255	255	0	0	// Angelic Staff (1 UN)
1960	1960	45	2562	13	1	1	7	63	0	0	0	255	255	255	255	255	0	0	// Serpent Staff (1 UN)
1970	1970	1000	2563	13	1	1	0	63	0	0	0	255	255	255	255	255	0	0	// Thunder Staff (1 UN)
1980	1980	1000	2564	13	1	1	0	63	0	0	0	255	255	255	255	255	0	0	// Gorgon Staff (1 UN)
1990	1990	1000	2565	13	1	1	0	63	0	0	0	255	255	255	255	255	0	0	// Legendary Staff (1 UN)
2000	2000	1000	2566	13	1	1	0	63	0	0	0	255	255	255	255	255	0	0	// Staff of Resurrection (1 UN)
2010	2010	1000	2567	13	1	1	0	63	0	0	0	255	255	255	255	255	0	0	// Chaos Lighting Staff (1 UN)
2020	2020	1000	2568	13	1	1	0	63	0	0	0	255	255	255	255	255	0	0	// Staff of Destruction (1 UN)
2030	2030	1500	2569	13	1	1	0	63	0	0	0	255	255	255	255	255	0	0	// Dragon Soul Staff (1 UN)
2040	2040	1500	2570	13	1	1	0	63	0	0	0	255	255	255	255	255	0	0	// Divine Staff of Archangel (1 UN)
2050	2050	1500	2571	13	1	1	0	63	0	0	0	255	255	255	255	255	0	0	// Staff of Kundun (1 UN)
2060	2060	1800	2572	13	1	1	0	63	0	0	0	255	255	255	255	255	0	0	// Grand Viper Staff (1 UN)
2070	2070	1800	2573	13	1	1	0	63	0	0	0	255	255	255	255	255	0	0	// Platina Staff (1 UN)
2080	2080	15000	14	13	1	1	0	63	5	0	0	255	255	255	255	255	0	0	// Lighting Sword (1 UN)
2090	2090	30000	17	13	1	1	0	63	5	0	0	255	255	255	255	255	0	0	// Dark Breaker (1 UN)
2100	2100	30000	20	13	1	1	0	63	5	0	0	255	255	255	255	255	0	0	// Knight Blade (1 UN)
2110	2110	30000	1035	13	1	1	0	63	5	0	0	255	255	255	255	255	0	0	// Lord Scepter (1 UN)
2120	2120	15000	1025	13	1	1	7	63	5	0	0	255	255	255	255	255	0	0	// Morning Star (1 UN)
2130	2130	15000	2053	13	1	1	7	63	5	0	0	255	255	255	255	255	0	0	// Silver Bow (1 UN)
2140	2140	15000	2057	13	1	1	0	63	5	0	0	255	255	255	255	255	0	0	// Golden Crossbow (1 UN)
2150	2150	5000	2593	13	1	1	0	63	0	0	0	255	255	255	255	255	0	0	// Chrome Staff (1 UN)
2160	2160	5000	2594	13	1	1	0	63	0	0	0	255	255	255	255	255	0	0	// Raven Stick (1 UN)
2170	2170	30000	2573	13	1	1	0	63	5	0	0	255	255	255	255	255	0	0	// Platina Staff (1 UN)
2180	2180	15000	3072	13	1	1	7	63	5	0	0	255	255	255	255	255	0	0	// Small Shield (1 UN)
2190	2190	35	3072	13	1	1	7	63	0	0	0	255	255	255	255	255	0	0	// Small Shield (1 UN)
2200	2200	35	3073	13	1	1	7	63	0	0	0	255	255	255	255	255	0	0	// Horn Shield (1 UN)
2210	2210	40	3074	13	1	1	7	63	0	0	0	255	255	255	255	255	0	0	// Kite Shield (1 UN)
2220	2220	40	3075	13	1	1	7	63	0	0	0	255	255	255	255	255	0	0	// Elven Shield (1 UN)
2230	2230	40	3076	13	1	1	7	63	0	0	0	255	255	255	255	255	0	0	// Buckler (1 UN)
2240	2240	45	3077	13	1	1	7	63	0	0	0	255	255	255	255	255	0	0	// Dragon Slayer Shield (1 UN)
2250	2250	1200	3078	13	1	1	0	63	0	0	0	255	255	255	255	255	0	0	// Skull Shield (1 UN)
2260	2260	1200	3079	13	1	1	0	63	0	0	0	255	255	255	255	255	0	0	// Spiked Shield (1 UN)
2270	2270	1200	3080	13	1	1	0	63	0	0	0	255	255	255	255	255	0	0	// Tower Shield (1 UN)
2280	2280	75	3081	13	1	1	7	63	0	0	0	255	255	255	255	255	0	0	// Plate Shield (1 UN)
2290	2290	1200	3082	13	1	1	0	63	0	0	0	255	255	255	255	255	0	0	// Large Round Shield (1 UN)
2300	2300	1200	3083	13	1	1	0	63	0	0	0	255	255	255	255	255	0	0	// Serpent Shield (1 UN)
2310	2310	1200	3084	13	1	1	0	63	0	0	0	255	255	255	255	255	0	0	// Bronze Shield (1 UN)
2320	2320	1500	3085	13	1	1	0	63	0	0	0	255	255	255	255	255	0	0	// Dragon Shield (1 UN)
2330	2330	1500	3086	13	1	1	0	63	0	0	0	255	255	255	255	255	0	0	// Legendary Shield (1 UN)
2340	2340	1500	3087	13	1	1	0	63	0	0	0	255	255	255	255	255	0	0	// Grand Soul Shield (1 UN)
2350	2350	1500	3088	13	1	1	0	63	0	0	0	255	255	255	255	255	0	0	// Elemental Shield (1 UN)
2360	2360	5000	3090	13	1	1	0	63	0	0	0	255	255	255	255	255	0	0	// Salamander Shield (1 UN)
2370	2370	5000	3091	13	1	1	0	63	0	0	0	255	255	255	255	255	0	0	// Frost Barrier (1 UN)
2380	2380	5000	3092	13	1	1	0	63	0	0	0	255	255	255	255	255	0	0	// Guardian Shield (1 UN)
2390	2390	5000	3093	13	1	1	0	63	0	0	0	255	255	255	255	255	0	0	// Cross Shield (1 UN)
2400	2400	150	6144	13	1	1	7	63	0	0	0	255	255	255	255	255	0	0	// Wings of Elf (1 UN)
2410	2410	150	6145	13	1	1	7	63	0	0	0	255	255	255	255	255	0	0	// Wings of Heaven (1 UN)
2420	2420	150	6146	13	1	1	7	63	0	0	0	255	255	255	255	255	0	0	// Wings of Satan (1 UN)
2430	2430	300	6147	13	1	1	0	63	0	0	0	255	255	255	255	255	0	0	// Wings of Spirits (1 UN)
2440	2440	300	6148	13	1	1	0	63	0	0	0	255	255	255	255	255	0	0	// Wings of Soul (1 UN)
2450	2450	300	6149	13	1	1	0	63	0	0	0	255	255	255	255	255	0	0	// Wings of Dragon (1 UN)
2460	2460	300	6150	13	1	1	0	63	0	0	0	255	255	255	255	255	0	0	// Wings of Darkness (1 UN)
2470	2470	3000	6180	13	1	1	0	31	0	0	0	255	255	255	255	255	0	0	// Wing of Storm (1 UN)
2480	2480	3000	6181	13	1	1	0	31	0	0	0	255	255	255	255	255	0	0	// Wing of Eternal (1 UN)
2490	2490	3000	6182	13	1	1	0	31	0	0	0	255	255	255	255	255	0	0	// Wing of Illusion (1 UN)
2500	2500	3000	6183	13	1	1	0	31	0	0	0	255	255	255	255	255	0	0	// Wing of Ruin (1 UN)
2510	2510	3000	6184	13	1	1	0	31	0	0	0	255	255	255	255	255	0	0	// Cape of Emperor (1 UN)
2520	2520	150	6274	13	1	1	7	63	0	0	0	255	255	255	255	255	0	0	// Small Cape of Lord (1 UN)
2530	2530	1000	6664	13	1	1	7	63	0	0	0	255	255	255	255	255	0	0	// Ring of Ice (1 UN)
2540	2540	1000	6665	13	1	1	7	63	0	0	0	255	255	255	255	255	0	0	// Ring of Poison (1 UN)
2550	2550	1500	6668	13	1	1	7	63	0	0	0	255	255	255	255	255	0	0	// Pendant of Lighting (1 UN)
2560	2560	1500	6669	13	1	1	7	63	0	0	0	255	255	255	255	255	0	0	// Pendant of Fire (1 UN)
2570	2570	15000	3078	13	1	1	7	63	5	0	0	255	255	255	255	255	0	0	// Skull Shield (1 UN)
2580	2580	1500	6677	13	1	1	7	63	0	0	0	255	255	255	255	255	0	0	// Ring of Fire (1 UN)
2590	2590	1000	6678	13	1	1	7	63	0	0	0	255	255	255	255	255	0	0	// Ring of Earth (1 UN)
2600	2600	1500	6679	13	1	1	7	63	0	0	0	255	255	255	255	255	0	0	// Ring of Wind (1 UN)
2610	2610	1000	6680	13	1	1	7	63	0	0	0	255	255	255	255	255	0	0	// Ring of Magic (1 UN)
2620	2620	1500	6681	13	1	1	7	63	0	0	0	255	255	255	255	255	0	0	// Pendant of Ice (1 UN)
2630	2630	1500	6682	13	1	1	7	63	0	0	0	255	255	255	255	255	0	0	// Pendant of Wind (1 UN)
2640	2640	1500	6683	13	1	1	7	63	0	0	0	255	255	255	255	255	0	0	// Pendant of Water (1 UN)
2650	2650	1500	6684	13	1	1	7	63	0	0	0	255	255	255	255	255	0	0	// Pendant of Ability (1 UN)
2660	2660	15000	3081	13	1	1	7	63	5	0	0	255	255	255	255	255	0	0	// Plate Shield (1 UN)
2670	2670	30000	3084	13	1	1	7	63	5	0	0	255	255	255	255	255	0	0	// Bronze Shield (1 UN)
2680	2680	15000	3584	13	1	1	7	63	5	0	0	255	255	255	255	255	0	0	// Bronze Helm (1 UN)
2690	2690	15000	3585	13	1	1	7	63	5	0	0	255	255	255	255	255	0	0	// Dragon Helm (1 UN)
2700	2700	15000	3585	13	1	1	7	63	10	0	0	255	255	255	255	255	0	0	// Dragon Helm (1 UN)
2710	2710	15000	3586	13	1	1	7	63	5	0	0	255	255	255	255	255	0	0	// Pad Helm (1 UN)
2720	2720	15000	3586	13	1	1	7	63	10	0	0	255	255	255	255	255	0	0	// Pad Helm (1 UN)
2730	2730	15000	3587	13	1	1	7	63	5	0	0	255	255	255	255	255	0	0	// Legendary Helm (1 UN)
2740	2740	15000	3587	13	1	1	0	63	10	0	0	255	255	255	255	255	0	0	// Legendary Helm (1 UN)
2750	2750	15000	3588	13	1	1	7	63	5	0	0	255	255	255	255	255	0	0	// Bone Helm (1 UN)
2760	2760	15000	3589	13	1	1	7	63	5	0	0	255	255	255	255	255	0	0	// Leather Helm (1 UN)
2770	2770	15000	3589	13	1	1	7	63	10	0	0	255	255	255	255	255	0	0	// Leather Helm (1 UN)
2780	2780	15000	3590	13	1	1	7	63	5	0	0	255	255	255	255	255	0	0	// Scale Helm (1 UN)
2790	2790	15000	3590	13	1	1	7	63	10	0	0	255	255	255	255	255	0	0	// Scale Helm (1 UN)
2800	2800	15000	3591	13	1	1	7	63	5	0	0	255	255	255	255	255	0	0	// Sphinx Mask (1 UN)
2810	2810	1000	3584	13	0	1	0	63	0	0	0	255	255	255	255	255	0	0	// Bronze Helm (1 UN)
2820	2820	1000	3585	13	0	1	0	63	0	0	0	255	255	255	255	255	0	0	// Dragon Helm (1 UN)
2830	2830	1000	3586	13	0	1	0	63	0	0	0	255	255	255	255	255	0	0	// Pad Helm (1 UN)
2840	2840	1000	3587	13	0	1	0	63	0	0	0	255	255	255	255	255	0	0	// Legendary Helm (1 UN)
2850	2850	1000	3588	13	0	1	0	63	0	0	0	255	255	255	255	255	0	0	// Bone Helm (1 UN)
2860	2860	1000	3589	13	0	1	0	63	0	0	0	255	255	255	255	255	0	0	// Leather Helm (1 UN)
2870	2870	1000	3590	13	0	1	0	63	0	0	0	255	255	255	255	255	0	0	// Scale Helm (1 UN)
2880	2880	1000	3591	13	0	1	0	63	0	0	0	255	255	255	255	255	0	0	// Sphinx Mask (1 UN)
2890	2890	1000	3592	13	0	1	0	63	0	0	0	255	255	255	255	255	0	0	// Brass Helm (1 UN)
2900	2900	1200	3593	13	0	1	0	63	0	0	0	255	255	255	255	255	0	0	// Plate Helm (1 UN)
2910	2910	1200	3594	13	0	1	0	63	0	0	0	255	255	255	255	255	0	0	// Vine Helm (1 UN)
2920	2920	1200	3595	13	0	1	0	63	0	0	0	255	255	255	255	255	0	0	// Silk Helm (1 UN)
2930	2930	1200	3596	13	0	1	0	63	0	0	0	255	255	255	255	255	0	0	// Wind Helm (1 UN)
2940	2940	1200	3597	13	0	1	0	63	0	0	0	255	255	255	255	255	0	0	// Spirit Helm (1 UN)
2950	2950	1200	3598	13	0	1	0	63	0	0	0	255	255	255	255	255	0	0	// Guardian Helm (1 UN)
2960	2960	1200	3600	13	0	1	0	63	0	0	0	255	255	255	255	255	0	0	// Black Dragon Helm (1 UN)
2970	2970	1200	3601	13	0	1	0	63	0	0	0	255	255	255	255	255	0	0	// Dark Phoenix Helm (1 UN)
2980	2980	1200	3602	13	0	1	0	63	0	0	0	255	255	255	255	255	0	0	// Grand Soul Helm (1 UN)
2990	2990	1300	3603	13	0	1	0	63	0	0	0	255	255	255	255	255	0	0	// Holy Spirit Helm (1 UN)
3000	3000	1300	3605	13	0	1	0	63	0	0	0	255	255	255	255	255	0	0	// Great Dragon Helm (1 UN)
3010	3010	1300	3606	13	0	1	0	63	0	0	0	255	255	255	255	255	0	0	// Dark Soul Helm (1 UN)
3020	3020	1300	3608	13	0	1	0	63	0	0	0	255	255	255	255	255	0	0	// Red Spirit Helm (1 UN)
3030	3030	1300	3609	13	0	1	0	63	0	0	0	255	255	255	255	255	0	0	// Light Plate Mask (1 UN)
3040	3040	1300	3610	13	0	1	0	63	0	0	0	255	255	255	255	255	0	0	// Adamantine Mask (1 UN)
3050	3050	1300	3611	13	0	1	0	63	0	0	0	255	255	255	255	255	0	0	// Dark Steel Mask (1 UN)
3060	3060	1300	3612	13	0	1	0	63	0	0	0	255	255	255	255	255	0	0	// Dark Master Mask (1 UN)
3070	3070	1800	3613	13	0	1	0	63	0	0	0	255	255	255	255	255	0	0	// Dragon Knight Helm (1 UN)
3080	3080	1800	3614	13	0	1	0	63	0	0	0	255	255	255	255	255	0	0	// Venom Mist Helm (1 UN)
3090	3090	1800	3615	13	0	1	0	63	0	0	0	255	255	255	255	255	0	0	// Sylphid Ray Helm (1 UN)
3100	3100	1800	3617	13	0	1	0	63	0	0	0	255	255	255	255	255	0	0	// Sunlight Mask (1 UN)
3110	3110	1800	3618	13	0	1	0	63	0	0	0	255	255	255	255	255	0	0	// Ashcrow Helm (1 UN)
3120	3120	1800	3619	13	0	1	0	63	0	0	0	255	255	255	255	255	0	0	// Eclipse Helm (1 UN)
3130	3130	1800	3622	13	0	1	0	63	0	0	0	255	255	255	255	255	0	0	// Glorious Mask (1 UN)
3140	3140	1800	3620	13	0	1	0	63	0	0	0	255	255	255	255	255	0	0	// Iris Helm (1 UN)
3150	3150	5000	3629	13	0	1	0	63	0	0	0	255	255	255	255	255	0	0	// Titan  Helm (1 UN)
3160	3160	5000	3630	13	0	1	0	63	0	0	0	255	255	255	255	255	0	0	// Brave Helm (1 UN)
3170	3170	5000	3633	13	0	1	0	63	0	0	0	255	255	255	255	255	0	0	// Seraphim Helm (1 UN)
3180	3180	5000	3634	13	0	1	0	63	0	0	0	255	255	255	255	255	0	0	// Divine Helm (1 UN)
3190	3190	5000	3635	13	0	1	0	63	0	0	0	255	255	255	255	255	0	0	// Royal Mask (1 UN)
3200	3200	5000	3636	13	0	1	0	63	0	0	0	255	255	255	255	255	0	0	// Hades Helm (1 UN)
3210	3210	1000	4096	13	0	1	0	63	0	0	0	255	255	255	255	255	0	0	// Bronze Armor (1 UN)
3220	3220	1000	4097	13	0	1	0	63	0	0	0	255	255	255	255	255	0	0	// Dragon Armor (1 UN)
3230	3230	1000	4098	13	0	1	0	63	0	0	0	255	255	255	255	255	0	0	// Pad Armor (1 UN)
3240	3240	1000	4099	13	0	1	0	63	0	0	0	255	255	255	255	255	0	0	// Legendary Armor (1 UN)
3250	3250	1000	4100	13	0	1	0	63	0	0	0	255	255	255	255	255	0	0	// Bone Armor (1 UN)
3260	3260	1000	4101	13	0	1	0	63	0	0	0	255	255	255	255	255	0	0	// Leather Armor (1 UN)
3270	3270	1000	4102	13	0	1	0	63	0	0	0	255	255	255	255	255	0	0	// Scale Armor (1 UN)
3280	3280	1000	4103	13	0	1	0	63	0	0	0	255	255	255	255	255	0	0	// Sphinx Armor (1 UN)
3290	3290	1000	4104	13	0	1	0	63	0	0	0	255	255	255	255	255	0	0	// Brass Armor (1 UN)
3300	3300	1200	4105	13	0	1	0	63	0	0	0	255	255	255	255	255	0	0	// Plate Armor (1 UN)
3310	3310	1200	4106	13	0	1	0	63	0	0	0	255	255	255	255	255	0	0	// Vine Armor (1 UN)
3320	3320	1200	4107	13	0	1	0	63	0	0	0	255	255	255	255	255	0	0	// Silk Armor (1 UN)
3330	3330	100	4108	13	0	1	0	63	0	0	0	255	255	255	255	255	0	0	// Wind Armor (1 UN)
3340	3340	1200	4109	13	0	1	0	63	0	0	0	255	255	255	255	255	0	0	// Spirit Armor (1 UN)
3350	3350	1200	4110	13	0	1	0	63	0	0	0	255	255	255	255	255	0	0	// Guardian Armor (1 UN)
3360	3360	1200	4111	13	0	1	0	63	0	0	0	255	255	255	255	255	0	0	// Storm Crow Armor (1 UN)
3370	3370	1200	4112	13	0	1	0	63	0	0	0	255	255	255	255	255	0	0	// Black Dragon Armor (1 UN)
3380	3380	1200	4113	13	0	1	0	63	0	0	0	255	255	255	255	255	0	0	// Dark Phoenix Armor (1 UN)
3390	3390	1300	4114	13	0	1	0	63	0	0	0	255	255	255	255	255	0	0	// Grand Soul Armor (1 UN)
3400	3400	1300	4115	13	0	1	0	63	0	0	0	255	255	255	255	255	0	0	// Holy Spirit Armor (1 UN)
3410	3410	1300	4116	13	0	1	0	63	0	0	0	255	255	255	255	255	0	0	// Thunder Hawk Armor (1 UN)
3420	3420	1300	4117	13	0	1	0	63	0	0	0	255	255	255	255	255	0	0	// Great Dragon Armor (1 UN)
3430	3430	1300	4118	13	0	1	0	63	0	0	0	255	255	255	255	255	0	0	// Dark Soul Armor (1 UN)
3440	3440	1300	4119	13	0	1	0	63	0	0	0	255	255	255	255	255	0	0	// Hurricane Armor (1 UN)
3450	3450	1300	4120	13	0	1	0	63	0	0	0	255	255	255	255	255	0	0	// Red Sprit Armor (1 UN)
3460	3460	1300	4121	13	0	1	0	63	0	0	0	255	255	255	255	255	0	0	// Light Plate Armor (1 UN)
3470	3470	1300	4122	13	0	1	0	63	0	0	0	255	255	255	255	255	0	0	// Adamantine Armor (1 UN)
3480	3480	1300	4123	13	0	1	0	63	0	0	0	255	255	255	255	255	0	0	// Dark Steel Armor (1 UN)
3490	3490	1300	4124	13	0	1	0	63	0	0	0	255	255	255	255	255	0	0	// Dark Master Armor (1 UN)
3500	3500	1800	4125	13	0	1	0	63	0	0	0	255	255	255	255	255	0	0	// Dragon Knight Armor (1 UN)
3510	3510	1800	4126	13	0	1	0	63	0	0	0	255	255	255	255	255	0	0	// Venom Mist Armor (1 UN)
3520	3520	1800	4127	13	0	1	0	63	0	0	0	255	255	255	255	255	0	0	// Sylphid Ray Armor (1 UN)
3530	3530	1800	4128	13	0	1	0	63	0	0	0	255	255	255	255	255	0	0	// Volcano Armor (1 UN)
3540	3540	1800	4129	13	0	1	0	63	0	0	0	255	255	255	255	255	0	0	// Sunlight Armor (1 UN)
3550	3550	1800	4130	13	0	1	0	63	0	0	0	255	255	255	255	255	0	0	// Ashcrow Armor (1 UN)
3560	3560	1800	4131	13	0	1	0	63	0	0	0	255	255	255	255	255	0	0	// Eclipse Armor (1 UN)
3570	3570	1800	4132	13	0	1	0	63	0	0	0	255	255	255	255	255	0	0	// Iris Armor (1 UN)
3580	3580	1800	4133	13	0	1	0	63	0	0	0	255	255	255	255	255	0	0	// Valiant Armor (1 UN)
3590	3590	1800	4134	13	0	1	0	63	0	0	0	255	255	255	255	255	0	0	// Glorious Armor (1 UN)
3600	3600	5000	4141	13	0	1	0	63	0	0	0	255	255	255	255	255	0	0	// Titan  Armor (1 UN)
3610	3610	5000	4142	13	0	1	0	63	0	0	0	255	255	255	255	255	0	0	// Brave Armor (1 UN)
3620	3620	5000	4143	13	0	1	0	63	0	0	0	255	255	255	255	255	0	0	// Phantom  Armor (1 UN)
3630	3630	5000	4144	13	0	1	0	63	0	0	0	255	255	255	255	255	0	0	// Destroy Armor (1 UN)
3640	3640	5000	4145	13	0	1	0	63	0	0	0	255	255	255	255	255	0	0	// Seraphim Armor (1 UN)
3650	3650	5000	4146	13	0	1	0	63	0	0	0	255	255	255	255	255	0	0	// Divine Armor (1 UN)
3660	3660	5000	4147	13	0	1	0	63	0	0	0	255	255	255	255	255	0	0	// Royal Armor (1 UN)
3670	3670	5000	4148	13	0	1	0	63	0	0	0	255	255	255	255	255	0	0	// Hades Armor (1 UN)
3680	3680	1000	4608	13	0	1	0	63	0	0	0	255	255	255	255	255	0	0	// Bronze Pants (1 UN)
3690	3690	1000	4609	13	0	1	0	63	0	0	0	255	255	255	255	255	0	0	// Dragon Pants (1 UN)
3700	3700	1000	4610	13	0	1	0	63	0	0	0	255	255	255	255	255	0	0	// Pad Pants (1 UN)
3710	3710	1000	4611	13	0	1	0	63	0	0	0	255	255	255	255	255	0	0	// Legendary Pants (1 UN)
3720	3720	1000	4612	13	0	1	0	63	0	0	0	255	255	255	255	255	0	0	// Bone Pants (1 UN)
3730	3730	1000	4613	13	0	1	0	63	0	0	0	255	255	255	255	255	0	0	// Leather Pants (1 UN)
3740	3740	1000	4614	13	0	1	0	63	0	0	0	255	255	255	255	255	0	0	// Scale Pants (1 UN)
3750	3750	1000	4615	13	0	1	0	63	0	0	0	255	255	255	255	255	0	0	// Sphinx Pants (1 UN)
3760	3760	1000	4616	13	0	1	0	63	0	0	0	255	255	255	255	255	0	0	// Brass Pants (1 UN)
3770	3770	1200	4617	13	0	1	0	63	0	0	0	255	255	255	255	255	0	0	// Plate Pants (1 UN)
3780	3780	1200	4618	13	0	1	0	63	0	0	0	255	255	255	255	255	0	0	// Vine Pants (1 UN)
3790	3790	1200	4619	13	0	1	0	63	0	0	0	255	255	255	255	255	0	0	// Silk Pants (1 UN)
3800	3800	1200	4620	13	0	1	0	63	0	0	0	255	255	255	255	255	0	0	// Wind Pants (1 UN)
3810	3810	1200	4621	13	0	1	0	63	0	0	0	255	255	255	255	255	0	0	// Spirit Pants (1 UN)
3820	3820	1200	4622	13	0	1	0	63	0	0	0	255	255	255	255	255	0	0	// Guardian Pants (1 UN)
3830	3830	1200	4623	13	0	1	0	63	0	0	0	255	255	255	255	255	0	0	// Storm Crow Pants (1 UN)
3840	3840	1200	4624	13	0	1	0	63	0	0	0	255	255	255	255	255	0	0	// Black Dragon Pants (1 UN)
3850	3850	1200	4625	13	0	1	0	63	0	0	0	255	255	255	255	255	0	0	// Dark Phoenix Pants (1 UN)
3860	3860	1300	4626	13	0	1	0	63	0	0	0	255	255	255	255	255	0	0	// Grand Soul Pants (1 UN)
3870	3870	1300	4627	13	0	1	0	63	0	0	0	255	255	255	255	255	0	0	// Holy Spirit Pants (1 UN)
3880	3880	1300	4628	13	0	1	0	63	0	0	0	255	255	255	255	255	0	0	// Thunder Hawk Pants (1 UN)
3890	3890	1300	4629	13	0	1	0	63	0	0	0	255	255	255	255	255	0	0	// Great Dragon Pants (1 UN)
3900	3900	1300	4630	13	0	1	0	63	0	0	0	255	255	255	255	255	0	0	// Dark Soul Pants (1 UN)
3910	3910	1300	4631	13	0	1	0	63	0	0	0	255	255	255	255	255	0	0	// Hurricane Pants (1 UN)
3920	3920	1300	4632	13	0	1	0	63	0	0	0	255	255	255	255	255	0	0	// Red Spirit Pants (1 UN)
3930	3930	1300	4633	13	0	1	0	63	0	0	0	255	255	255	255	255	0	0	// Light Plate Pants (1 UN)
3940	3940	1300	4634	13	0	1	0	63	0	0	0	255	255	255	255	255	0	0	// Adamantine Pants (1 UN)
3950	3950	1300	4635	13	0	1	0	63	0	0	0	255	255	255	255	255	0	0	// Dark Steel Pants (1 UN)
3960	3960	1300	4636	13	0	1	0	63	0	0	0	255	255	255	255	255	0	0	// Dark Master Pants (1 UN)
3970	3970	1800	4637	13	0	1	0	63	0	0	0	255	255	255	255	255	0	0	// Dragon Knight Pants (1 UN)
3980	3980	1800	4638	13	0	1	0	63	0	0	0	255	255	255	255	255	0	0	// Venom Mist Pants (1 UN)
3990	3990	1800	4639	13	0	1	0	63	0	0	0	255	255	255	255	255	0	0	// Sylphid Ray Pants (1 UN)
4000	4000	1800	4640	13	0	1	0	63	0	0	0	255	255	255	255	255	0	0	// Volcano Pants (1 UN)
4010	4010	1800	4641	13	0	1	0	63	0	0	0	255	255	255	255	255	0	0	// Sunlight Pants (1 UN)
4020	4020	1800	4642	13	0	1	0	63	0	0	0	255	255	255	255	255	0	0	// Ashcrow Pants (1 UN)
4030	4030	1800	4643	13	0	1	0	63	0	0	0	255	255	255	255	255	0	0	// Eclipse Pants (1 UN)
4040	4040	1800	4644	13	0	1	0	63	0	0	0	255	255	255	255	255	0	0	// Iris Pants (1 UN)
4050	4050	1800	4645	13	0	1	0	63	0	0	0	255	255	255	255	255	0	0	// Valiant Pants (1 UN)
4060	4060	1800	4646	13	0	1	0	63	0	0	0	255	255	255	255	255	0	0	// Glorious Pants (1 UN)
4070	4070	5000	4653	13	0	1	0	63	0	0	0	255	255	255	255	255	0	0	// Titan  Pants (1 UN)
4080	4080	5000	4654	13	0	1	0	63	0	0	0	255	255	255	255	255	0	0	// Brave Pants (1 UN)
4090	4090	5000	4655	13	0	1	0	63	0	0	0	255	255	255	255	255	0	0	// Phantom  Pants (1 UN)
4100	4100	5000	4656	13	0	1	0	63	0	0	0	255	255	255	255	255	0	0	// Destroy Pants (1 UN)
4110	4110	5000	4657	13	0	1	0	63	0	0	0	255	255	255	255	255	0	0	// Seraphim Pants (1 UN)
4120	4120	5000	4658	13	0	1	0	63	0	0	0	255	255	255	255	255	0	0	// Divine Pants (1 UN)
4130	4130	5000	4659	13	0	1	0	63	0	0	0	255	255	255	255	255	0	0	// Royal Pants (1 UN)
4140	4140	5000	4660	13	0	1	0	63	0	0	0	255	255	255	255	255	0	0	// Hades Pants (1 UN)
4150	4150	1000	5120	13	0	1	0	63	0	0	0	255	255	255	255	255	0	0	// Bronze Gloves (1 UN)
4160	4160	1000	5121	13	0	1	0	63	0	0	0	255	255	255	255	255	0	0	// Dragon Gloves (1 UN)
4170	4170	1000	5122	13	0	1	0	63	0	0	0	255	255	255	255	255	0	0	// Pad Gloves (1 UN)
4180	4180	1000	5123	13	0	1	0	63	0	0	0	255	255	255	255	255	0	0	// Legendary Gloves (1 UN)
4190	4190	1000	5124	13	0	1	0	63	0	0	0	255	255	255	255	255	0	0	// Bone Gloves (1 UN)
4200	4200	1000	5125	13	0	1	0	63	0	0	0	255	255	255	255	255	0	0	// Leather Gloves (1 UN)
4210	4210	1000	5126	13	0	1	0	63	0	0	0	255	255	255	255	255	0	0	// Scale Gloves (1 UN)
4220	4220	1000	5127	13	0	1	0	63	0	0	0	255	255	255	255	255	0	0	// Sphinx Gloves (1 UN)
4230	4230	1000	5128	13	0	1	0	63	0	0	0	255	255	255	255	255	0	0	// Brass Gloves (1 UN)
4240	4240	1200	5129	13	0	1	0	63	0	0	0	255	255	255	255	255	0	0	// Plate Gloves (1 UN)
4250	4250	1200	5130	13	0	1	0	63	0	0	0	255	255	255	255	255	0	0	// Vine Gloves (1 UN)
4260	4260	1200	5131	13	0	1	0	63	0	0	0	255	255	255	255	255	0	0	// Silk Gloves (1 UN)
4270	4270	1200	5132	13	0	1	0	63	0	0	0	255	255	255	255	255	0	0	// Wind Gloves (1 UN)
4280	4280	1200	5133	13	0	1	0	63	0	0	0	255	255	255	255	255	0	0	// Spirit Gloves (1 UN)
4290	4290	1200	5134	13	0	1	0	63	0	0	0	255	255	255	255	255	0	0	// Guardian Gloves (1 UN)
4300	4300	1200	5135	13	0	1	0	63	0	0	0	255	255	255	255	255	0	0	// Storm Crow Gloves (1 UN)
4310	4310	1200	5136	13	0	1	0	63	0	0	0	255	255	255	255	255	0	0	// Black Dragon Gloves (1 UN)
4320	4320	1200	5137	13	0	1	0	63	0	0	0	255	255	255	255	255	0	0	// Dark Phoenix Gloves (1 UN)
4330	4330	1300	5138	13	0	1	0	63	0	0	0	255	255	255	255	255	0	0	// Grand Soul Gloves (1 UN)
4340	4340	1300	5139	13	0	1	0	63	0	0	0	255	255	255	255	255	0	0	// Holy Spirit Gloves (1 UN)
4350	4350	1300	5140	13	0	1	0	63	0	0	0	255	255	255	255	255	0	0	// Thunder Hawk Gloves (1 UN)
4360	4360	1300	5141	13	0	1	0	63	0	0	0	255	255	255	255	255	0	0	// Great Dragon Gloves (1 UN)
4370	4370	1300	5142	13	0	1	0	63	0	0	0	255	255	255	255	255	0	0	// Dark Soul Gloves (1 UN)
4380	4380	1300	5143	13	0	1	0	63	0	0	0	255	255	255	255	255	0	0	// Hurricane Gloves (1 UN)
4390	4390	1300	5144	13	0	1	0	63	0	0	0	255	255	255	255	255	0	0	// Red Spirit Gloves (1 UN)
4400	4400	1300	5145	13	0	1	0	63	0	0	0	255	255	255	255	255	0	0	// Light Plate Gloves (1 UN)
4410	4410	1300	5146	13	0	1	0	63	0	0	0	255	255	255	255	255	0	0	// Adamantine Gloves (1 UN)
4420	4420	1300	5147	13	0	1	0	63	0	0	0	255	255	255	255	255	0	0	// Dark Steel Gloves (1 UN)
4430	4430	1300	5148	13	0	1	0	63	0	0	0	255	255	255	255	255	0	0	// Dark Master Gloves (1 UN)
4440	4440	1800	5149	13	0	1	0	63	0	0	0	255	255	255	255	255	0	0	// Dragon Knight Gloves (1 UN)
4450	4450	1800	5150	13	0	1	0	63	0	0	0	255	255	255	255	255	0	0	// Venom Mist Gloves (1 UN)
4460	4460	1800	5151	13	0	1	0	63	0	0	0	255	255	255	255	255	0	0	// Sylphid Ray Gloves (1 UN)
4470	4470	1800	5152	13	0	1	0	63	0	0	0	255	255	255	255	255	0	0	// Volcano Gloves (1 UN)
4480	4480	1800	5153	13	0	1	0	63	0	0	0	255	255	255	255	255	0	0	// Sunlight Gloves (1 UN)
4490	4490	1800	5154	13	0	1	0	63	0	0	0	255	255	255	255	255	0	0	// Ashcrow Gloves (1 UN)
4500	4500	1800	5155	13	0	1	0	63	0	0	0	255	255	255	255	255	0	0	// Eclipse Gloves (1 UN)
4510	4510	1800	5156	13	0	1	0	63	0	0	0	255	255	255	255	255	0	0	// Iris Gloves (1 UN)
4520	4520	1800	5157	13	0	1	0	63	0	0	0	255	255	255	255	255	0	0	// Valiant Gloves (1 UN)
4530	4530	1800	5158	13	0	1	0	63	0	0	0	255	255	255	255	255	0	0	// Glorious Gloves (1 UN)
4540	4540	5000	5165	13	0	1	0	63	0	0	0	255	255	255	255	255	0	0	// Titan  Gloves (1 UN)
4550	4550	5000	5166	13	0	1	0	63	0	0	0	255	255	255	255	255	0	0	// Brave Gloves (1 UN)
4560	4560	600	5167	13	0	1	7	63	0	0	0	255	255	255	255	255	0	0	// Phantom  Gloves (1 UN)
4570	4570	5000	5168	13	0	1	0	63	0	0	0	255	255	255	255	255	0	0	// Destroy Gloves (1 UN)
4580	4580	5000	5169	13	0	1	0	63	0	0	0	255	255	255	255	255	0	0	// Seraphim Gloves (1 UN)
4590	4590	5000	5170	13	0	1	0	63	0	0	0	255	255	255	255	255	0	0	// Divine Gloves (1 UN)
4600	4600	5000	5171	13	0	1	0	63	0	0	0	255	255	255	255	255	0	0	// Royal Gloves (1 UN)
4610	4610	5000	5172	13	0	1	0	63	0	0	0	255	255	255	255	255	0	0	// Hades Gloves (1 UN)
4620	4620	1000	5632	13	0	1	0	63	0	0	0	255	255	255	255	255	0	0	// Bronze Boots (1 UN)
4630	4630	1000	5633	13	0	1	0	63	0	0	0	255	255	255	255	255	0	0	// Dragon Boots (1 UN)
4640	4640	1000	5634	13	0	1	0	63	0	0	0	255	255	255	255	255	0	0	// Pad Boots (1 UN)
4650	4650	1000	5635	13	0	1	0	63	0	0	0	255	255	255	255	255	0	0	// Legendary Boots (1 UN)
4660	4660	1000	5636	13	0	1	0	63	0	0	0	255	255	255	255	255	0	0	// Bone Boots (1 UN)
4670	4670	1000	5637	13	0	1	0	63	0	0	0	255	255	255	255	255	0	0	// Leather Boots (1 UN)
4680	4680	1000	5638	13	0	1	0	63	0	0	0	255	255	255	255	255	0	0	// Scale Boots (1 UN)
4690	4690	1000	5639	13	0	1	0	63	0	0	0	255	255	255	255	255	0	0	// Sphinx Boots (1 UN)
4700	4700	1000	5640	13	0	1	0	63	0	0	0	255	255	255	255	255	0	0	// Brass Boots (1 UN)
4710	4710	1200	5641	13	0	1	0	63	0	0	0	255	255	255	255	255	0	0	// Plate Boots (1 UN)
4720	4720	1200	5642	13	0	1	0	63	0	0	0	255	255	255	255	255	0	0	// Vine Boots (1 UN)
4730	4730	1200	5643	13	0	1	0	63	0	0	0	255	255	255	255	255	0	0	// Silk Boots (1 UN)
4740	4740	1200	5644	13	0	1	0	63	0	0	0	255	255	255	255	255	0	0	// Wind Boots (1 UN)
4750	4750	1200	5645	13	0	1	0	63	0	0	0	255	255	255	255	255	0	0	// Spirit Boots (1 UN)
4760	4760	1200	5646	13	0	1	0	63	0	0	0	255	255	255	255	255	0	0	// Guardian Boots (1 UN)
4770	4770	1200	5647	13	0	1	0	63	0	0	0	255	255	255	255	255	0	0	// Storm Crow Boots (1 UN)
4780	4780	1200	5648	13	0	1	0	63	0	0	0	255	255	255	255	255	0	0	// Black Dragon Boots (1 UN)
4790	4790	1200	5649	13	0	1	0	63	0	0	0	255	255	255	255	255	0	0	// Dark Phoenix Boots (1 UN)
4800	4800	1300	5650	13	0	1	0	63	0	0	0	255	255	255	255	255	0	0	// Grand Soul Boots (1 UN)
4810	4810	1300	5651	13	0	1	0	63	0	0	0	255	255	255	255	255	0	0	// Holy Spirit Boots (1 UN)
4820	4820	1300	5652	13	0	1	0	63	0	0	0	255	255	255	255	255	0	0	// Thunder Hawk Boots (1 UN)
4830	4830	1300	5653	13	0	1	0	63	0	0	0	255	255	255	255	255	0	0	// Great Dragon Boots (1 UN)
4840	4840	1300	5654	13	0	1	0	63	0	0	0	255	255	255	255	255	0	0	// Dark Soul Boots (1 UN)
4850	4850	15000	3592	13	1	1	7	63	5	0	0	255	255	255	255	255	0	0	// Brass Helm (1 UN)
4860	4860	1300	5656	13	0	1	0	63	0	0	0	255	255	255	255	255	0	0	// Red Spirit Boots (1 UN)
4870	4870	1300	5657	13	0	1	0	63	0	0	0	255	255	255	255	255	0	0	// Light Plate Boots (1 UN)
4880	4880	1300	5658	13	0	1	0	63	0	0	0	255	255	255	255	255	0	0	// Adamantine Boots (1 UN)
4890	4890	1300	5659	13	0	1	0	63	0	0	0	255	255	255	255	255	0	0	// Dark Steel Boots (1 UN)
4900	4900	1300	5660	13	0	1	0	63	0	0	0	255	255	255	255	255	0	0	// Dark Master Boots (1 UN)
4910	4910	1800	5661	13	0	1	0	63	0	0	0	255	255	255	255	255	0	0	// Dragon Knight Boots (1 UN)
4920	4920	1800	5662	13	0	1	0	63	0	0	0	255	255	255	255	255	0	0	// Venom Mist Boots (1 UN)
4930	4930	1800	5663	13	0	1	0	63	0	0	0	255	255	255	255	255	0	0	// Sylphid Ray Boots (1 UN)
4940	4940	1800	5664	13	0	1	0	63	0	0	0	255	255	255	255	255	0	0	// Volcano Boots (1 UN)
4950	4950	1800	5665	13	0	1	0	63	0	0	0	255	255	255	255	255	0	0	// Sunlight Boots (1 UN)
4960	4960	1800	5666	13	0	1	0	63	0	0	0	255	255	255	255	255	0	0	// Ashcrow Boots (1 UN)
4970	4970	1800	5667	13	0	1	0	63	0	0	0	255	255	255	255	255	0	0	// Eclipse Boots (1 UN)
4980	4980	1800	5668	13	0	1	0	63	0	0	0	255	255	255	255	255	0	0	// Iris Boots (1 UN)
4990	4990	1800	5669	13	0	1	0	63	0	0	0	255	255	255	255	255	0	0	// Valiant Boots (1 UN)
5000	5000	1800	5670	13	0	1	0	63	0	0	0	255	255	255	255	255	0	0	// Glorious Boots (1 UN)
5010	5010	5000	5677	13	0	1	0	63	0	0	0	255	255	255	255	255	0	0	// Titan Boots (1 UN)
5020	5020	5000	5678	13	0	1	0	63	0	0	0	255	255	255	255	255	0	0	// Brave Boots (1 UN)
5030	5030	5000	5679	13	0	1	0	63	0	0	0	255	255	255	255	255	0	0	// Phantom Boots (1 UN)
5040	5040	5000	5680	13	0	1	0	63	0	0	0	255	255	255	255	255	0	0	// Destroy Boots (1 UN)
5050	5050	5000	5681	13	0	1	0	63	0	0	0	255	255	255	255	255	0	0	// Seraphim Boots (1 UN)
5060	5060	5000	5682	13	0	1	0	63	0	0	0	255	255	255	255	255	0	0	// Divine Boots (1 UN)
5070	5070	5000	5683	13	0	1	0	63	0	0	0	255	255	255	255	255	0	0	// Royal Boots (1 UN)
5080	5080	5000	5684	13	0	1	0	63	0	0	0	255	255	255	255	255	0	0	// Hades Boots (1 UN)
5090	5090	15000	3593	13	1	1	7	63	5	0	0	255	255	255	255	255	0	0	// Plate Helm (1 UN)
5100	5100	15000	3593	13	1	1	7	63	10	0	0	255	255	255	255	255	0	0	// Plate Helm (1 UN)
5110	5110	15000	3594	13	1	1	7	63	5	0	0	255	255	255	255	255	0	0	// Vine Helm (1 UN)
5120	5120	15000	3594	13	1	1	7	63	10	0	0	255	255	255	255	255	0	0	// Vine Helm (1 UN)
5130	5130	15000	3595	13	1	1	7	63	5	0	0	255	255	255	255	255	0	0	// Silk Helm (1 UN)
5140	5140	15000	3596	13	1	1	7	63	5	0	0	255	255	255	255	255	0	0	// Wind Helm (1 UN)
5150	5150	15000	3610	13	1	1	7	63	5	0	0	255	255	255	255	255	0	0	// Adamantine Mask (1 UN)
5160	5160	30000	3619	13	1	1	7	63	5	0	0	255	255	255	255	255	0	0	// Eclipse Helm (1 UN)
5170	5170	30000	3620	13	1	1	7	63	5	0	0	255	255	255	255	255	0	0	// Iris Helm (1 UN)
5180	5180	15000	4096	13	1	1	7	63	5	0	0	255	255	255	255	255	0	0	// Bronze Armor (1 UN)
5190	5190	15000	4097	13	1	1	7	63	10	0	0	255	255	255	255	255	0	0	// Dragon Armor (1 UN)
5200	5200	15000	4098	13	1	1	7	63	5	0	0	255	255	255	255	255	0	0	// Pad Armor (1 UN)
5210	5210	15000	4099	13	1	1	7	63	5	0	0	255	255	255	255	255	0	0	// Legendary Armor (1 UN)
5220	5220	15000	4099	13	1	1	7	63	10	0	0	255	255	255	255	255	0	0	// Legendary Armor (1 UN)
5230	5230	15000	3598	13	1	1	7	63	10	0	0	255	255	255	255	255	0	0	// Guardian Helm (1 UN)
5240	5240	15000	4100	13	1	1	7	63	5	0	0	255	255	255	255	255	0	0	// Bone Armor (1 UN)
5250	5250	15000	4100	13	1	1	7	63	10	0	0	255	255	255	255	255	0	0	// Bone Armor (1 UN)
5260	5260	15000	4101	13	1	1	7	63	5	0	0	255	255	255	255	255	0	0	// Leather Armor (1 UN)
5270	5270	15000	4102	13	1	1	7	63	5	0	0	255	255	255	255	255	0	0	// Scale Armor (1 UN)
5280	5280	15000	4102	13	1	1	0	63	10	0	0	255	255	255	255	255	0	0	// Scale Armor (1 UN)
5290	5290	15000	4103	13	1	1	7	63	5	0	0	255	255	255	255	255	0	0	// Sphinx Armor (1 UN)
5300	5300	15000	4103	13	1	1	0	63	10	0	0	255	255	255	255	255	0	0	// Sphinx Armor (1 UN)
5310	5310	15000	4104	13	1	1	0	63	5	0	0	255	255	255	255	255	0	0	// Brass Armor (1 UN)
5320	5320	15000	4105	13	1	1	0	63	5	0	0	255	255	255	255	255	0	0	// Plate Armor (1 UN)
5330	5330	15000	4105	13	1	1	0	63	10	0	0	255	255	255	255	255	0	0	// Plate Armor (1 UN)
5340	5340	15000	4106	13	1	1	0	63	5	0	0	255	255	255	255	255	0	0	// Vine Armor (1 UN)
5350	5350	15000	4107	13	1	1	0	63	5	0	0	255	255	255	255	255	0	0	// Silk Armor (1 UN)
5360	5360	15000	4108	13	1	1	0	63	5	0	0	255	255	255	255	255	0	0	// Wind Armor (1 UN)
5370	5370	15000	4109	13	1	1	0	63	5	0	0	255	255	255	255	255	0	0	// Spirit Armor (1 UN)
5380	5380	15000	4110	13	1	1	0	63	5	0	0	255	255	255	255	255	0	0	// Guardian Armor (1 UN)
5390	5390	15000	4110	13	1	1	0	63	10	0	0	255	255	255	255	255	0	0	// Guardian Armor (1 UN)
5400	5400	15000	4111	13	1	1	0	63	5	0	0	255	255	255	255	255	0	0	// Storm Crow Armor (1 UN)
5410	5410	15000	4111	13	1	1	0	63	10	0	0	255	255	255	255	255	0	0	// Storm Crow Armor (1 UN)
5420	5420	15000	4122	13	1	1	0	63	5	0	0	255	255	255	255	255	0	0	// Adamantine Armor (1 UN)
5430	5430	30000	4134	13	1	1	0	63	5	0	0	255	255	255	255	255	0	0	// Glorious Armor (1 UN)
5440	5440	30000	4133	13	1	1	0	63	5	0	0	255	255	255	255	255	0	0	// Valiant Armor (1 UN)
5450	5450	30000	4113	13	1	1	0	63	5	0	0	255	255	255	255	255	0	0	// Dark Phoenix Armor (1 UN)
5460	5460	30000	4117	13	1	1	0	63	5	0	0	255	255	255	255	255	0	0	// Great Dragon Armor (1 UN)
5470	5470	30000	4131	13	1	1	0	63	5	0	0	255	255	255	255	255	0	0	// Eclipse Armor (1 UN)
5480	5480	30000	4132	13	1	1	0	63	5	0	0	255	255	255	255	255	0	0	// Iris Armor (1 UN)
5490	5490	15000	4608	13	1	1	0	63	5	0	0	255	255	255	255	255	0	0	// Bronze Pants (1 UN)
5500	5500	15000	4608	13	1	1	0	63	10	0	0	255	255	255	255	255	0	0	// Bronze Pants (1 UN)
5510	5510	15000	4609	13	1	1	0	63	10	0	0	255	255	255	255	255	0	0	// Dragon Pants (1 UN)
5520	5520	15000	4610	13	1	1	0	63	5	0	0	255	255	255	255	255	0	0	// Pad Pants (1 UN)
5530	5530	15000	4610	13	1	1	0	63	10	0	0	255	255	255	255	255	0	0	// Pad Pants (1 UN)
5540	5540	15000	4611	13	1	1	0	63	10	0	0	255	255	255	255	255	0	0	// Legendary Pants (1 UN)
5550	5550	15000	4612	13	1	1	0	63	5	0	0	255	255	255	255	255	0	0	// Bone Pants (1 UN)
5560	5560	15000	4613	13	1	1	0	63	5	0	0	255	255	255	255	255	0	0	// Leather Pants (1 UN)
5570	5570	15000	4613	13	1	1	0	63	10	0	0	255	255	255	255	255	0	0	// Leather Pants (1 UN)
5580	5580	15000	4614	13	1	1	0	63	5	0	0	255	255	255	255	255	0	0	// Scale Pants (1 UN)
5590	5590	15000	4614	13	1	1	0	63	10	0	0	255	255	255	255	255	0	0	// Scale Pants (1 UN)
5600	5600	15000	4615	13	1	1	0	63	5	0	0	255	255	255	255	255	0	0	// Sphinx Pants (1 UN)
5610	5610	15000	4615	13	1	1	0	63	10	0	0	255	255	255	255	255	0	0	// Sphinx Pants (1 UN)
5620	5620	15000	4616	13	1	1	0	63	5	0	0	255	255	255	255	255	0	0	// Brass Pants (1 UN)
5630	5630	15000	4616	13	1	1	0	63	10	0	0	255	255	255	255	255	0	0	// Brass Pants (1 UN)
5640	5640	15000	4617	13	1	1	0	63	5	0	0	255	255	255	255	255	0	0	// Plate Pants (1 UN)
5650	5650	15000	4617	13	1	1	0	63	10	0	0	255	255	255	255	255	0	0	// Plate Pants (1 UN)
5660	5660	15000	4618	13	1	1	0	63	5	0	0	255	255	255	255	255	0	0	// Vine Pants (1 UN)
5670	5670	15000	4618	13	1	1	0	63	10	0	0	255	255	255	255	255	0	0	// Vine Pants (1 UN)
5680	5680	15000	4619	13	1	1	0	63	5	0	0	255	255	255	255	255	0	0	// Silk Pants (1 UN)
5690	5690	15000	4619	13	1	1	0	63	10	0	0	255	255	255	255	255	0	0	// Silk Pants (1 UN)
5700	5700	15000	4620	13	1	1	0	63	5	0	0	255	255	255	255	255	0	0	// Wind Pants (1 UN)
5710	5710	15000	4620	13	1	1	0	63	10	0	0	255	255	255	255	255	0	0	// Wind Pants (1 UN)
5720	5720	15000	4621	13	1	1	0	63	5	0	0	255	255	255	255	255	0	0	// Spirit Pants (1 UN)
5730	5730	15000	4621	13	1	1	0	63	10	0	0	255	255	255	255	255	0	0	// Spirit Pants (1 UN)
5740	5740	15000	4622	13	1	1	0	63	10	0	0	255	255	255	255	255	0	0	// Guardian Pants (1 UN)
5750	5750	15000	4623	13	1	1	0	63	5	0	0	255	255	255	255	255	0	0	// Storm Crow Pants (1 UN)
5760	5760	15000	4623	13	1	1	0	63	10	0	0	255	255	255	255	255	0	0	// Storm Crow Pants (1 UN)
5770	5770	15000	4634	13	1	1	0	63	5	0	0	255	255	255	255	255	0	0	// Adamantine Pants (1 UN)
5780	5780	15000	4634	13	1	1	0	63	10	0	0	255	255	255	255	255	0	0	// Adamantine Pants (1 UN)
5790	5790	30000	4645	13	1	1	0	63	10	0	0	255	255	255	255	255	0	0	// Valiant Pants (1 UN)
5800	5800	30000	4624	13	1	1	0	63	5	0	0	255	255	255	255	255	0	0	// Black Dragon Pants (1 UN)
5810	5810	30000	4625	13	1	1	0	63	5	0	0	255	255	255	255	255	0	0	// Dark Phoenix Pants (1 UN)
5820	5820	30000	4629	13	1	1	0	63	5	0	0	255	255	255	255	255	0	0	// Great Dragon Pants (1 UN)
5830	5830	30000	4643	13	1	1	0	63	5	0	0	255	255	255	255	255	0	0	// Eclipse Pants (1 UN)
5840	5840	30000	4644	13	1	1	0	63	5	0	0	255	255	255	255	255	0	0	// Iris Pants (1 UN)
5850	5850	15000	5120	13	1	1	0	63	5	0	0	255	255	255	255	255	0	0	// Bronze Gloves (1 UN)
5860	5860	15000	5121	13	1	1	0	63	5	0	0	255	255	255	255	255	0	0	// Dragon Gloves (1 UN)
5870	5870	15000	5122	13	1	1	0	63	5	0	0	255	255	255	255	255	0	0	// Pad Gloves (1 UN)
5880	5880	15000	5123	13	1	1	0	63	5	0	0	255	255	255	255	255	0	0	// Legendary Gloves (1 UN)
5890	5890	15000	5124	13	1	1	0	63	5	0	0	255	255	255	255	255	0	0	// Bone Gloves (1 UN)
5900	5900	15000	5125	13	1	1	0	63	5	0	0	255	255	255	255	255	0	0	// Leather Gloves (1 UN)
5910	5910	15000	5126	13	1	1	0	63	5	0	0	255	255	255	255	255	0	0	// Scale Gloves (1 UN)
5920	5920	15000	5127	13	1	1	0	63	5	0	0	255	255	255	255	255	0	0	// Sphinx Gloves (1 UN)
5930	5930	15000	5128	13	1	1	0	63	5	0	0	255	255	255	255	255	0	0	// Brass Gloves (1 UN)
5940	5940	15000	5129	13	1	1	0	63	5	0	0	255	255	255	255	255	0	0	// Plate Gloves (1 UN)
5950	5950	15000	5130	13	1	1	0	63	5	0	0	255	255	255	255	255	0	0	// Vine Gloves (1 UN)
5960	5960	15000	5131	13	1	1	0	63	5	0	0	255	255	255	255	255	0	0	// Silk Gloves (1 UN)
5970	5970	15000	5131	13	1	1	0	63	10	0	0	255	255	255	255	255	0	0	// Silk Gloves (1 UN)
5980	5980	15000	5132	13	1	1	0	63	5	0	0	255	255	255	255	255	0	0	// Wind Gloves (1 UN)
5990	5990	15000	5133	13	1	1	0	63	5	0	0	255	255	255	255	255	0	0	// Spirit Gloves (1 UN)
6000	6000	15000	5134	13	1	1	0	63	5	0	0	255	255	255	255	255	0	0	// Guardian Gloves (1 UN)
6010	6010	15000	5135	13	1	1	0	63	10	0	0	255	255	255	255	255	0	0	// Storm Crow Gloves (1 UN)
6020	6020	15000	5146	13	1	1	0	63	10	0	0	255	255	255	255	255	0	0	// Adamantine Gloves (1 UN)
6030	6030	30000	5157	13	1	1	0	63	5	0	0	255	255	255	255	255	0	0	// Valiant Gloves (1 UN)
6040	6040	30000	5158	13	1	1	0	63	5	0	0	255	255	255	255	255	0	0	// Glorious Gloves (1 UN)
6050	6050	30000	5155	13	1	1	0	63	5	0	0	255	255	255	255	255	0	0	// Eclipse Gloves (1 UN)
6060	6060	30000	5156	13	1	1	0	63	5	0	0	255	255	255	255	255	0	0	// Iris Gloves (1 UN)
6070	6070	15000	5632	13	1	1	0	63	5	0	0	255	255	255	255	255	0	0	// Bronze Boots (1 UN)
6080	6080	15000	5633	13	1	1	0	63	5	0	0	255	255	255	255	255	0	0	// Dragon Boots (1 UN)
6090	6090	15000	5634	13	1	1	0	63	5	0	0	255	255	255	255	255	0	0	// Pad Boots (1 UN)
6100	6100	15000	5636	13	1	1	0	63	5	0	0	255	255	255	255	255	0	0	// Bone Boots (1 UN)
6110	6110	15000	5637	13	1	1	0	63	5	0	0	255	255	255	255	255	0	0	// Leather Boots (1 UN)
6120	6120	15000	5638	13	1	1	0	63	5	0	0	255	255	255	255	255	0	0	// Scale Boots (1 UN)
6130	6130	15000	5639	13	1	1	0	63	5	0	0	255	255	255	255	255	0	0	// Sphinx Boots (1 UN)
6140	6140	15000	5639	13	1	1	0	63	10	0	0	255	255	255	255	255	0	0	// Sphinx Boots (1 UN)
6150	6150	15000	5640	13	1	1	0	63	5	0	0	255	255	255	255	255	0	0	// Brass Boots (1 UN)
6160	6160	15000	5641	13	1	1	0	63	5	0	0	255	255	255	255	255	0	0	// Plate Boots (1 UN)
6170	6170	15000	5642	13	1	1	0	63	5	0	0	255	255	255	255	255	0	0	// Vine Boots (1 UN)
6180	6180	15000	5642	13	1	1	0	63	10	0	0	255	255	255	255	255	0	0	// Vine Boots (1 UN)
6190	6190	15000	5643	13	1	1	0	63	5	0	0	255	255	255	255	255	0	0	// Silk Boots (1 UN)
6200	6200	15000	5644	13	1	1	0	63	5	0	0	255	255	255	255	255	0	0	// Wind Boots (1 UN)
6210	6210	15000	5644	13	1	1	0	63	10	0	0	255	255	255	255	255	0	0	// Wind Boots (1 UN)
6220	6220	15000	5646	13	1	1	0	63	5	0	0	255	255	255	255	255	0	0	// Guardian Boots (1 UN)
6230	6230	15000	5646	13	1	1	0	63	10	0	0	255	255	255	255	255	0	0	// Guardian Boots (1 UN)
6240	6240	15000	5647	13	1	1	0	63	5	0	0	255	255	255	255	255	0	0	// Storm Crow Boots (1 UN)
6250	6250	30000	5648	13	1	1	0	63	5	0	0	255	255	255	255	255	0	0	// Black Dragon Boots (1 UN)
6260	6260	30000	5658	13	1	1	0	63	10	0	0	255	255	255	255	255	0	0	// Adamantine Boots (1 UN)
6270	6270	30000	5670	13	1	1	0	63	5	0	0	255	255	255	255	255	0	0	// Glorious Boots (1 UN)
6280	6280	30000	5669	13	1	1	0	63	5	0	0	255	255	255	255	255	0	0	// Valiant Boots (1 UN)
6290	6290	30000	5668	13	1	1	0	63	5	0	0	255	255	255	255	255	0	0	// Iris Boots (1 UN)
6300	6300	30000	5667	13	1	1	0	63	5	0	0	255	255	255	255	255	0	0	// Eclipse Boots (1 UN)
6310	6310	20000	6664	13	1	1	7	31	5	0	0	255	255	255	255	255	0	0	// Ring of Ice (1 UN)
6320	6320	20000	6665	13	1	1	7	31	5	0	0	255	255	255	255	255	0	0	// Ring of Poison (1 UN)
6330	6330	20000	6665	13	1	1	7	31	10	0	0	255	255	255	255	255	0	0	// Ring of Poison (1 UN)
6340	6340	20000	6668	13	1	1	7	31	5	0	0	255	255	255	255	255	0	0	// Pendant of Lighting (1 UN)
6350	6350	20000	6669	13	1	1	7	31	5	0	0	255	255	255	255	255	0	0	// Pendant of Fire (1 UN)
6360	6360	20000	6677	13	1	1	7	31	5	0	0	255	255	255	255	255	0	0	// Ring of Fire (1 UN)
6370	6370	20000	6677	13	1	1	7	31	10	0	0	255	255	255	255	255	0	0	// Ring of Fire (1 UN)
6380	6380	20000	6678	13	1	1	7	31	5	0	0	255	255	255	255	255	0	0	// Ring of Earth (1 UN)
6390	6390	20000	6678	13	1	1	7	31	10	0	0	255	255	255	255	255	0	0	// Ring of Earth (1 UN)
6400	6400	23000	6679	13	1	1	7	31	5	0	0	255	255	255	255	255	0	0	// Ring of Wind (1 UN)
6410	6410	23000	6680	13	1	1	7	31	5	0	0	255	255	255	255	255	0	0	// Ring of Magic (1 UN)
6420	6420	23000	6680	13	1	1	7	31	10	0	0	255	255	255	255	255	0	0	// Ring of Magic (1 UN)
6430	6430	23000	6681	13	1	1	7	31	5	0	0	255	255	255	255	255	0	0	// Pendant of Ice (1 UN)
6440	6440	23000	6681	13	1	1	7	31	10	0	0	255	255	255	255	255	0	0	// Pendant of Ice (1 UN)
6450	6450	23000	6682	13	1	1	7	31	5	0	0	255	255	255	255	255	0	0	// Pendant of Wind (1 UN)
6460	6460	23000	6683	13	1	1	7	31	5	0	0	255	255	255	255	255	0	0	// Pendant of Water (1 UN)
6470	6470	23000	6684	13	1	1	7	31	5	0	0	255	255	255	255	255	0	0	// Pendant of Ability (1 UN)
10000	10000	80	5632	13	0	1	7	63	0	0	0	255	255	255	255	255	0	0	// Bronze Boots (1 UN)
end
