//|================================================================|
//| Zythe CashShop Editor                                          |
//| Credit: Zyth3/louis                          [skype:tec-facil] |
//|================================================================|
//Cat	ID	Main	Item	Coin	Price	Bonus	PBase1	PBase2	PBase3	PBase4	PBase5	PBase6	PBase7	PBase8	PBase9	PBase10	PMain1	PMain2	PMain3	PMain4	PMain5	PMain6	PMain7	PMain8	PMain9	PMain10	Comment
31	128	128	1	508	25		0	1280	0	0	0	0	0	0	0	0	0	1280	0	0	0	0	0	0	0	0	0	// Small Axe
31	129	129	1	508	25		0	1290	0	0	0	0	0	0	0	0	0	1290	0	0	0	0	0	0	0	0	0	// Hand Axe
31	131	131	1	508	25		0	1310	0	0	0	0	0	0	0	0	0	1310	0	0	0	0	0	0	0	0	0	// Double Axe
31	132	132	1	508	25		0	1320	0	0	0	0	0	0	0	0	0	1320	0	0	0	0	0	0	0	0	0	// Tomahawk
31	133	133	1	508	50		0	1330	0	0	0	0	0	0	0	0	0	1330	0	0	0	0	0	0	0	0	0	// Elven Axe
31	134	134	1	508	50		0	1340	0	0	0	0	0	0	0	0	0	1340	0	0	0	0	0	0	0	0	0	// Battle Axe
31	135	135	1	508	50		0	1350	0	0	0	0	0	0	0	0	0	1350	0	0	0	0	0	0	0	0	0	// Nikea Axe
31	136	136	1	508	50		0	1360	0	0	0	0	0	0	0	0	0	1360	0	0	0	0	0	0	0	0	0	// Larkan Axe
31	137	137	1	508	50		0	1370	0	0	0	0	0	0	0	0	0	1370	0	0	0	0	0	0	0	0	0	// Crescent Axe
32	138	138	1	508	1000	0	1380	0	0	0	0	0	0	0	0	0	1380	0	0	0	0	0	0	0	0	0	// Mace
32	139	139	1	508	1000	0	1390	0	0	0	0	0	0	0	0	0	1390	0	0	0	0	0	0	0	0	0	// Morning Star
32	140	140	1	508	1000	0	1400	0	0	0	0	0	0	0	0	0	1400	0	0	0	0	0	0	0	0	0	// Flail
32	141	141	1	508	1000	0	1410	0	0	0	0	0	0	0	0	0	1410	0	0	0	0	0	0	0	0	0	// Great Hammer
32	142	142	1	508	1000	0	1420	0	0	0	0	0	0	0	0	0	1420	0	0	0	0	0	0	0	0	0	// Crystal Morning Star
32	143	143	1	508	1000	0	1430	0	0	0	0	0	0	0	0	0	1430	0	0	0	0	0	0	0	0	0	// Crystal Sword
32	144	144	1	508	1000	0	1440	0	0	0	0	0	0	0	0	0	1440	0	0	0	0	0	0	0	0	0	// Chaos Dragon Axe
32	145	145	1	508	1000	0	1450	0	0	0	0	0	0	0	0	0	1450	0	0	0	0	0	0	0	0	0	// Elemental Mace
32	146	146	1	508	1000	0	1460	0	0	0	0	0	0	0	0	0	1460	0	0	0	0	0	0	0	0	0	// Battle Scepter
32	147	147	1	508	1200	0	1470	0	0	0	0	0	0	0	0	0	1470	0	0	0	0	0	0	0	0	0	// Master Scepter
32	148	148	1	508	1200	0	1480	0	0	0	0	0	0	0	0	0	1480	0	0	0	0	0	0	0	0	0	// Great Scepter
32	149	149	1	508	1200	0	1490	0	0	0	0	0	0	0	0	0	1490	0	0	0	0	0	0	0	0	0	// Lord Scepter
32	150	150	1	508	1200	0	1500	0	0	0	0	0	0	0	0	0	1500	0	0	0	0	0	0	0	0	0	// Great Lord Scepter
32	151	151	1	508	1800	0	1510	0	0	0	0	0	0	0	0	0	1510	0	0	0	0	0	0	0	0	0	// Divine Scepter of Archangel
32	152	152	1	508	1800	0	1520	0	0	0	0	0	0	0	0	0	1520	0	0	0	0	0	0	0	0	0	// Soleil Sceptor
32	153	153	1	508	1800	0	1530	0	0	0	0	0	0	0	0	0	1530	0	0	0	0	0	0	0	0	0	// Shining Scepter
33	154	154	1	508	1000	0	1540	0	0	0	0	0	0	0	0	0	1540	0	0	0	0	0	0	0	0	0	// Light Spear
33	155	155	1	508	1000	0	1550	0	0	0	0	0	0	0	0	0	1550	0	0	0	0	0	0	0	0	0	// Spear
33	156	156	1	508	1000	0	1560	0	0	0	0	0	0	0	0	0	1560	0	0	0	0	0	0	0	0	0	// Dragon Lance
33	157	157	1	508	1000	0	1570	0	0	0	0	0	0	0	0	0	1570	0	0	0	0	0	0	0	0	0	// Giant Trident
33	158	158	1	508	1000	0	1580	0	0	0	0	0	0	0	0	0	1580	0	0	0	0	0	0	0	0	0	// Serpent Spear
33	159	159	1	508	1000	0	1590	0	0	0	0	0	0	0	0	0	1590	0	0	0	0	0	0	0	0	0	// Double Poleaxe
33	160	160	1	508	1000	0	1600	0	0	0	0	0	0	0	0	0	1600	0	0	0	0	0	0	0	0	0	// Halberd
33	161	161	1	508	1000	0	1610	0	0	0	0	0	0	0	0	0	1610	0	0	0	0	0	0	0	0	0	// Berdysh
33	162	162	1	508	1200	0	1620	0	0	0	0	0	0	0	0	0	1620	0	0	0	0	0	0	0	0	0	// Great Scythe
33	163	163	1	508	1500	0	1630	0	0	0	0	0	0	0	0	0	1630	0	0	0	0	0	0	0	0	0	// Bill of Balrog
33	164	164	1	508	1500	0	1640	0	0	0	0	0	0	0	0	0	1640	0	0	0	0	0	0	0	0	0	// Dragon Spear
33	165	165	1	508	5000	0	1650	0	0	0	0	0	0	0	0	0	1650	0	0	0	0	0	0	0	0	0	// Brova
33	166	166	1	508	5000	0	1660	0	0	0	0	0	0	0	0	0	1660	0	0	0	0	0	0	0	0	0	// Magmus Peer
34	167	167	1	508	50		0	1670	0	0	0	0	0	0	0	0	0	1670	0	0	0	0	0	0	0	0	0	// Short Bow
34	168	168	1	508	50		0	1680	0	0	0	0	0	0	0	0	0	1680	0	0	0	0	0	0	0	0	0	// Bow
34	169	169	1	508	75		0	1690	0	0	0	0	0	0	0	0	0	1690	0	0	0	0	0	0	0	0	0	// Elven Bow
34	170	170	1	508	90		0	1700	0	0	0	0	0	0	0	0	0	1700	0	0	0	0	0	0	0	0	0	// Battle Bow
34	171	171	1	508	90		0	1710	0	0	0	0	0	0	0	0	0	1710	0	0	0	0	0	0	0	0	0	// Tiger Bow
34	172	172	1	508	110		0	1720	0	0	0	0	0	0	0	0	0	1720	0	0	0	0	0	0	0	0	0	// Silver Bow
34	173	173	1	508	150		0	1730	0	0	0	0	0	0	0	0	0	1730	0	0	0	0	0	0	0	0	0	// Chaos Nature Bow
34	174	174	1	508	15		0	1740	0	0	0	0	0	0	0	0	0	1740	0	0	0	0	0	0	0	0	0	// Bolt
34	175	175	1	508	15		0	1750	0	0	0	0	0	0	0	0	0	1750	0	0	0	0	0	0	0	0	0	// Crossbow
34	176	176	1	508	25		0	1760	0	0	0	0	0	0	0	0	0	1760	0	0	0	0	0	0	0	0	0	// Crossbow
34	177	177	1	508	25		0	1770	0	0	0	0	0	0	0	0	0	1770	0	0	0	0	0	0	0	0	0	// Golden Crossbow
34	178	178	1	508	35		0	1780	0	0	0	0	0	0	0	0	0	1780	0	0	0	0	0	0	0	0	0	// Arquebus
34	179	179	1	508	40		0	1790	0	0	0	0	0	0	0	0	0	1790	0	0	0	0	0	0	0	0	0	// Light Crossbow
34	180	180	1	508	45		0	1800	0	0	0	0	0	0	0	0	0	1800	0	0	0	0	0	0	0	0	0	// Serpent Crossbow
34	181	181	1	508	45		0	1810	0	0	0	0	0	0	0	0	0	1810	0	0	0	0	0	0	0	0	0	// Bluewing Crossbow
34	182	182	1	508	55		0	1820	0	0	0	0	0	0	0	0	0	1820	0	0	0	0	0	0	0	0	0	// Aquagold Crossbow
34	183	183	1	508	1200	0	1830	0	0	0	0	0	0	0	0	0	1830	0	0	0	0	0	0	0	0	0	// Saint Crossbow
34	184	184	1	508	1200	0	1840	0	0	0	0	0	0	0	0	0	1840	0	0	0	0	0	0	0	0	0	// Celestial Bow
34	185	185	1	508	1200	0	1850	0	0	0	0	0	0	0	0	0	1850	0	0	0	0	0	0	0	0	0	// Divine Crossbow of Archangel
34	186	186	1	508	1500	0	1860	0	0	0	0	0	0	0	0	0	1860	0	0	0	0	0	0	0	0	0	// Great Reign Crossbow
34	187	187	1	508	1500	0	1870	0	0	0	0	0	0	0	0	0	1870	0	0	0	0	0	0	0	0	0	// Arrow Viper Bow
34	188	188	1	508	1800	0	1880	0	0	0	0	0	0	0	0	0	1880	0	0	0	0	0	0	0	0	0	// Sylph Wind Bow
34	189	189	1	508	1800	0	1890	0	0	0	0	0	0	0	0	0	1890	0	0	0	0	0	0	0	0	0	// Albatross Bow
34	190	190	1	508	1800	0	1900	0	0	0	0	0	0	0	0	0	1900	0	0	0	0	0	0	0	0	0	// Dark Stinger
34	191	191	1	508	1800	0	1910	0	0	0	0	0	0	0	0	0	1910	0	0	0	0	0	0	0	0	0	// Aileen Bowr
35	100	100	1	508	1000	0	1000	0	0	0	0	0	0	0	0	0	1000	0	0	0	0	0	0	0	0	0	// Kris
35	101	101	1	508	1000	0	1010	0	0	0	0	0	0	0	0	0	1010	0	0	0	0	0	0	0	0	0	// Short Sword
35	102	102	1	508	1000	0	1020	0	0	0	0	0	0	0	0	0	1020	0	0	0	0	0	0	0	0	0	// Rapier
35	103	103	1	508	1000	0	1030	0	0	0	0	0	0	0	0	0	1030	0	0	0	0	0	0	0	0	0	// Katana
35	104	104	1	508	1000	0	1040	0	0	0	0	0	0	0	0	0	1040	0	0	0	0	0	0	0	0	0	// Sword of Assassin
35	105	105	1	508	1000	0	1050	0	0	0	0	0	0	0	0	0	1050	0	0	0	0	0	0	0	0	0	// Blade
35	106	106	1	508	1000	0	1060	0	0	0	0	0	0	0	0	0	1060	0	0	0	0	0	0	0	0	0	// Gladius
35	107	107	1	508	1000	0	1070	0	0	0	0	0	0	0	0	0	1070	0	0	0	0	0	0	0	0	0	// Falchion
35	108	108	1	508	1000	0	1080	0	0	0	0	0	0	0	0	0	1080	0	0	0	0	0	0	0	0	0	// Serpent Sword
35	109	109	1	508	1000	0	1090	0	0	0	0	0	0	0	0	0	1090	0	0	0	0	0	0	0	0	0	// Sword of Salamander
35	110	110	1	508	1000	0	1100	0	0	0	0	0	0	0	0	0	1100	0	0	0	0	0	0	0	0	0	// Light Saber
35	111	111	1	508	1000	0	1110	0	0	0	0	0	0	0	0	0	1110	0	0	0	0	0	0	0	0	0	// Heliacal Sword
35	112	112	1	508	1000	0	1120	0	0	0	0	0	0	0	0	0	1120	0	0	0	0	0	0	0	0	0	// Double Blade
35	113	113	1	508	1000	0	1130	0	0	0	0	0	0	0	0	0	1130	0	0	0	0	0	0	0	0	0	// Lighting Sword
35	114	114	1	508	1000	0	1140	0	0	0	0	0	0	0	0	0	1140	0	0	0	0	0	0	0	0	0	// Giant Sword
35	115	115	1	508	1200	0	1150	0	0	0	0	0	0	0	0	0	1150	0	0	0	0	0	0	0	0	0	// Sword of Destruction
35	116	116	1	508	1200	0	1160	0	0	0	0	0	0	0	0	0	1160	0	0	0	0	0	0	0	0	0	// Dark Breaker
35	117	117	1	508	1200	0	1170	0	0	0	0	0	0	0	0	0	1170	0	0	0	0	0	0	0	0	0	// Thunder Blade
35	118	118	1	508	1200	0	1180	0	0	0	0	0	0	0	0	0	1180	0	0	0	0	0	0	0	0	0	// Divine Sword of Archangel
35	119	119	1	508	1200	0	1190	0	0	0	0	0	0	0	0	0	1190	0	0	0	0	0	0	0	0	0	// Knight Blade
35	120	120	1	508	1200	0	1200	0	0	0	0	0	0	0	0	0	1200	0	0	0	0	0	0	0	0	0	// Dark Reign Blade
35	121	121	1	508	1800	0	1210	0	0	0	0	0	0	0	0	0	1210	0	0	0	0	0	0	0	0	0	// Bone Blade
35	122	122	1	508	1800	0	1220	0	0	0	0	0	0	0	0	0	1220	0	0	0	0	0	0	0	0	0	// Explosion Blade
35	123	123	1	508	1800	0	1230	0	0	0	0	0	0	0	0	0	1230	0	0	0	0	0	0	0	0	0	// Daybreak
35	124	124	1	508	1800	0	1240	0	0	0	0	0	0	0	0	0	1240	0	0	0	0	0	0	0	0	0	// Sword Dancer
35	125	125	1	508	5000	0	1250	0	0	0	0	0	0	0	0	0	1250	0	0	0	0	0	0	0	0	0	// Flameberge 
35	126	126	1	508	5000	0	1260	0	0	0	0	0	0	0	0	0	1260	0	0	0	0	0	0	0	0	0	// Sword Breaker
35	127	127	1	508	5000	0	1270	0	0	0	0	0	0	0	0	0	1270	0	0	0	0	0	0	0	0	0	// Rune Bastard Sword 
35	130	130	1	508	5000	0	1300	0	0	0	0	0	0	0	0	0	1300	0	0	0	0	0	0	0	0	0	// Mace Of King Omitir Imagen
36	194	194	1	508	45		0	1940	0	0	0	0	0	0	0	0	0	1940	0	0	0	0	0	0	0	0	0	// Skull Staff
36	195	195	1	508	45		0	1950	0	0	0	0	0	0	0	0	0	1950	0	0	0	0	0	0	0	0	0	// Angelic Staff
36	196	196	1	508	45		0	1960	0	0	0	0	0	0	0	0	0	1960	0	0	0	0	0	0	0	0	0	// Serpent Staff
36	197	197	1	508	1000	0	1970	0	0	0	0	0	0	0	0	0	1970	0	0	0	0	0	0	0	0	0	// Thunder Staff
36	198	198	1	508	1000	0	1980	0	0	0	0	0	0	0	0	0	1980	0	0	0	0	0	0	0	0	0	// Gorgon Staff
36	199	199	1	508	1000	0	1990	0	0	0	0	0	0	0	0	0	1990	0	0	0	0	0	0	0	0	0	// Legendary Staff
36	200	200	1	508	1000	0	2000	0	0	0	0	0	0	0	0	0	2000	0	0	0	0	0	0	0	0	0	// Staff of Resurrection
36	201	201	1	508	1000	0	2010	0	0	0	0	0	0	0	0	0	2010	0	0	0	0	0	0	0	0	0	// Chaos Lighting Staff
36	202	202	1	508	1000	0	2020	0	0	0	0	0	0	0	0	0	2020	0	0	0	0	0	0	0	0	0	// Staff of Destruction
36	203	203	1	508	1500	0	2030	0	0	0	0	0	0	0	0	0	2030	0	0	0	0	0	0	0	0	0	// Dragon Soul Staff
36	204	204	1	508	1500	0	2040	0	0	0	0	0	0	0	0	0	2040	0	0	0	0	0	0	0	0	0	// Divine Staff of Archangel
36	205	205	1	508	1500	0	2050	0	0	0	0	0	0	0	0	0	2050	0	0	0	0	0	0	0	0	0	// Staff of Kundun
36	206	206	1	508	1800	0	2060	0	0	0	0	0	0	0	0	0	2060	0	0	0	0	0	0	0	0	0	// Grand Viper Staff
36	207	207	1	508	1800	0	2070	0	0	0	0	0	0	0	0	0	2070	0	0	0	0	0	0	0	0	0	// Platina Staff
36	215	215	1	508	5000	0	2150	0	0	0	0	0	0	0	0	0	2150	0	0	0	0	0	0	0	0	0	// Chrome Staff
36	216	216	1	508	5000	0	2160	0	0	0	0	0	0	0	0	0	2160	0	0	0	0	0	0	0	0	0	// Raven Stick
37	219	219	1	508	35		0	2190	0	0	0	0	0	0	0	0	0	2190	0	0	0	0	0	0	0	0	0	// Small Shield
37	220	220	1	508	35		0	2200	0	0	0	0	0	0	0	0	0	2200	0	0	0	0	0	0	0	0	0	// Horn Shield
37	221	221	1	508	40		0	2210	0	0	0	0	0	0	0	0	0	2210	0	0	0	0	0	0	0	0	0	// Kite Shield
37	222	222	1	508	40		0	2220	0	0	0	0	0	0	0	0	0	2220	0	0	0	0	0	0	0	0	0	// Elven Shield
37	223	223	1	508	40		0	2230	0	0	0	0	0	0	0	0	0	2230	0	0	0	0	0	0	0	0	0	// Buckler
37	224	224	1	508	45		0	2240	0	0	0	0	0	0	0	0	0	2240	0	0	0	0	0	0	0	0	0	// Dragon Slayer Shield
37	225	225	1	508	1200	0	2250	0	0	0	0	0	0	0	0	0	2250	0	0	0	0	0	0	0	0	0	// Skull Shield
37	226	226	1	508	1200	0	2260	0	0	0	0	0	0	0	0	0	2260	0	0	0	0	0	0	0	0	0	// Spiked Shield
37	227	227	1	508	1200	0	2270	0	0	0	0	0	0	0	0	0	2270	0	0	0	0	0	0	0	0	0	// Tower Shield
37	228	228	1	508	75		0	2280	0	0	0	0	0	0	0	0	0	2280	0	0	0	0	0	0	0	0	0	// Plate Shield
37	229	229	1	508	1200	0	2290	0	0	0	0	0	0	0	0	0	2290	0	0	0	0	0	0	0	0	0	// Large Round Shield
37	230	230	1	508	1200	0	2300	0	0	0	0	0	0	0	0	0	2300	0	0	0	0	0	0	0	0	0	// Serpent Shield
37	231	231	1	508	1200	0	2310	0	0	0	0	0	0	0	0	0	2310	0	0	0	0	0	0	0	0	0	// Bronze Shield
37	232	232	1	508	1500	0	2320	0	0	0	0	0	0	0	0	0	2320	0	0	0	0	0	0	0	0	0	// Dragon Shield
37	233	233	1	508	1500	0	2330	0	0	0	0	0	0	0	0	0	2330	0	0	0	0	0	0	0	0	0	// Legendary Shield
37	234	234	1	508	1500	0	2340	0	0	0	0	0	0	0	0	0	2340	0	0	0	0	0	0	0	0	0	// Grand Soul Shield
37	235	235	1	508	1500	0	2350	0	0	0	0	0	0	0	0	0	2350	0	0	0	0	0	0	0	0	0	// Elemental Shield
37	236	236	1	508	5000	0	2360	0	0	0	0	0	0	0	0	0	2360	0	0	0	0	0	0	0	0	0	// Salamander Shield
37	237	237	1	508	5000	0	2370	0	0	0	0	0	0	0	0	0	2370	0	0	0	0	0	0	0	0	0	// Frost Barrier
37	238	238	1	508	5000	0	2380	0	0	0	0	0	0	0	0	0	2380	0	0	0	0	0	0	0	0	0	// Guardian Shield
37	239	239	1	508	5000	0	2390	0	0	0	0	0	0	0	0	0	2390	0	0	0	0	0	0	0	0	0	// Cross Shield
38	240	240	1	508	150		0	2400	0	0	0	0	0	0	0	0	0	2400	0	0	0	0	0	0	0	0	0	// Wings of Elf
38	241	241	1	508	150		0	2410	0	0	0	0	0	0	0	0	0	2410	0	0	0	0	0	0	0	0	0	// Wings of Heaven
38	242	242	1	508	150		0	2420	0	0	0	0	0	0	0	0	0	2420	0	0	0	0	0	0	0	0	0	// Wings of Satan
38	243	243	1	508	300		0	2430	0	0	0	0	0	0	0	0	0	2430	0	0	0	0	0	0	0	0	0	// Wings of Spirits
38	244	244	1	508	300		0	2440	0	0	0	0	0	0	0	0	0	2440	0	0	0	0	0	0	0	0	0	// Wings of Soul
38	245	245	1	508	300		0	2450	0	0	0	0	0	0	0	0	0	2450	0	0	0	0	0	0	0	0	0	// Wings of Dragon
38	246	246	1	508	300		0	2460	0	0	0	0	0	0	0	0	0	2460	0	0	0	0	0	0	0	0	0	// Wings of Darkness
38	247	247	1	508	3000	0	2470	0	0	0	0	0	0	0	0	0	2470	0	0	0	0	0	0	0	0	0	// Wing of Storm
38	248	248	1	508	3000	0	2480	0	0	0	0	0	0	0	0	0	2480	0	0	0	0	0	0	0	0	0	// Wing of Eternal
38	249	249	1	508	3000	0	2490	0	0	0	0	0	0	0	0	0	2490	0	0	0	0	0	0	0	0	0	// Wing of Illusion
38	250	250	1	508	3000	0	2500	0	0	0	0	0	0	0	0	0	2500	0	0	0	0	0	0	0	0	0	// Wing of Ruin
38	251	251	1	508	3000	0	2510	0	0	0	0	0	0	0	0	0	2510	0	0	0	0	0	0	0	0	0	// Cape of Emperor
38	252	252	1	508	150		0	2520	0	0	0	0	0	0	0	0	0	2520	0	0	0	0	0	0	0	0	0	// Small Cape of Lord
39	253	253	1	508	1000	0	2530	0	0	0	0	0	0	0	0	0	2530	0	0	0	0	0	0	0	0	0	// Ring of Ice
39	254	254	1	508	1000	0	2540	0	0	0	0	0	0	0	0	0	2540	0	0	0	0	0	0	0	0	0	// Ring of Poison
39	255	255	1	508	1500	0	2550	0	0	0	0	0	0	0	0	0	2550	0	0	0	0	0	0	0	0	0	// Pendant of Lighting
39	256	256	1	508	1500	0	2560	0	0	0	0	0	0	0	0	0	2560	0	0	0	0	0	0	0	0	0	// Pendant of Fire
39	258	258	1	508	1500	0	2580	0	0	0	0	0	0	0	0	0	2580	0	0	0	0	0	0	0	0	0	// Ring of Fire
39	259	259	1	508	1000	0	2590	0	0	0	0	0	0	0	0	0	2590	0	0	0	0	0	0	0	0	0	// Ring of Earth
39	260	260	1	508	1500	0	2600	0	0	0	0	0	0	0	0	0	2600	0	0	0	0	0	0	0	0	0	// Ring of Wind
39	261	261	1	508	1000	0	2610	0	0	0	0	0	0	0	0	0	2610	0	0	0	0	0	0	0	0	0	// Ring of Magic
39	262	262	1	508	1500	0	2620	0	0	0	0	0	0	0	0	0	2620	0	0	0	0	0	0	0	0	0	// Pendant of Ice
39	263	263	1	508	1500	0	2630	0	0	0	0	0	0	0	0	0	2630	0	0	0	0	0	0	0	0	0	// Pendant of Wind
39	264	264	1	508	1500	0	2640	0	0	0	0	0	0	0	0	0	2640	0	0	0	0	0	0	0	0	0	// Pendant of Water
39	265	265	1	508	1500	0	2650	0	0	0	0	0	0	0	0	0	2650	0	0	0	0	0	0	0	0	0	// Pendant of Ability
41	193	193	1	508	15000	0	1930	0	0	0	0	0	0	0	0	0	1930	0	0	0	0	0	0	0	0	0	// Rapier (Ceto)
41	208	208	1	508	15000	0	2080	0	0	0	0	0	0	0	0	0	2080	0	0	0	0	0	0	0	0	0	// Lighting Sword (Hyon)
41	209	209	1	508	30000	0	2090	0	0	0	0	0	0	0	0	0	2090	0	0	0	0	0	0	0	0	0	// Dark (Bragi DP)
41	210	210	1	508	30000	0	2100	0	0	0	0	0	0	0	0	0	2100	0	0	0	0	0	0	0	0	0	// Knight (Krhonos Geat Dragon)
41	211	211	1	508	30000	0	2110	0	0	0	0	0	0	0	0	0	2110	0	0	0	0	0	0	0	0	0	// Lord Scepter (Surt Glorius)
41	212	212	1	508	15000	0	2120	0	0	0	0	0	0	0	0	0	2120	0	0	0	0	0	0	0	0	0	// Morning Star (Warrior)
41	213	213	1	508	15000	0	2130	0	0	0	0	0	0	0	0	0	2130	0	0	0	0	0	0	0	0	0	// Silver Bow (Karis)
41	214	214	1	508	15000	0	2140	0	0	0	0	0	0	0	0	0	2140	0	0	0	0	0	0	0	0	0	// Golden (Gaia)
41	217	217	1	508	30000	0	2170	0	0	0	0	0	0	0	0	0	2170	0	0	0	0	0	0	0	0	0	// Platina Staff (Bes Eclipse)
41	218	218	1	508	15000	0	2180	0	0	0	0	0	0	0	0	0	2180	0	0	0	0	0	0	0	0	0	// Small Shield (Anonymous)
41	257	257	1	508	15000	0	2570	0	0	0	0	0	0	0	0	0	2570	0	0	0	0	0	0	0	0	0	// Skull Shield (Heras)
41	266	266	1	508	15000	0	2660	0	0	0	0	0	0	0	0	0	2660	0	0	0	0	0	0	0	0	0	// Plate Shield (Eplete)
41	267	267	1	508	30000	0	2670	0	0	0	0	0	0	0	0	0	2670	0	0	0	0	0	0	0	0	0	// Bronze Shield (Mahes BD)
42	268	268	1	508	15000	0	2680	0	0	0	0	0	0	0	0	0	2680	0	0	0	0	0	0	0	0	0	// Bronze Helm(Mist)
42	269	269	1	508	15000	0	2690	0	0	0	0	0	0	0	0	0	2690	0	0	0	0	0	0	0	0	0	// Dragon Helm(Hyon)
42	270	270	1	508	15000	0	2700	0	0	0	0	0	0	0	0	0	2700	0	0	0	0	0	0	0	0	0	// Dragon Helm(Vicious)
42	271	271	1	508	15000	0	2710	0	0	0	0	0	0	0	0	0	2710	0	0	0	0	0	0	0	0	0	// Pad Helm (Apollo)
42	272	272	1	508	15000	0	2720	0	0	0	0	0	0	0	0	0	2720	0	0	0	0	0	0	0	0	0	// Pad Helm (Barnake)
42	273	273	1	508	15000	0	2730	0	0	0	0	0	0	0	0	0	2730	0	0	0	0	0	0	0	0	0	// Legendary Helm(Anubys)
42	274	274	1	508	15000	0	2740	0	0	0	0	0	0	0	0	0	2740	0	0	0	0	0	0	0	0	0	// Legendary Helm(Isis)
42	275	275	1	508	15000	0	2750	0	0	0	0	0	0	0	0	0	2750	0	0	0	0	0	0	0	0	0	// Bone Helm(Sylion)
42	276	276	1	508	15000	0	2760	0	0	0	0	0	0	0	0	0	2760	0	0	0	0	0	0	0	0	0	// Leather Helm(Warrior)
42	277	277	1	508	15000	0	2770	0	0	0	0	0	0	0	0	0	2770	0	0	0	0	0	0	0	0	0	// Leather Helm(Anonymous)
42	278	278	1	508	15000	0	2780	0	0	0	0	0	0	0	0	0	2780	0	0	0	0	0	0	0	0	0	// Scale Helm(Eplete)
42	279	279	1	508	15000	0	2790	0	0	0	0	0	0	0	0	0	2790	0	0	0	0	0	0	0	0	0	// Scale Helm(Berseker)
42	280	280	1	508	15000	0	2800	0	0	0	0	0	0	0	0	0	2800	0	0	0	0	0	0	0	0	0	// Sphinx Mask(Heras)
42	485	485	1	508	15000	0	4850	0	0	0	0	0	0	0	0	0	4850	0	0	0	0	0	0	0	0	0	// Brass Helm(Cloud)
42	509	509	1	508	15000	0	5090	0	0	0	0	0	0	0	0	0	5090	0	0	0	0	0	0	0	0	0	// Plate Helm(Kantata)
42	510	510	1	508	15000	0	5100	0	0	0	0	0	0	0	0	0	5100	0	0	0	0	0	0	0	0	0	// Plate Helm(Rave)
42	511	511	1	508	15000	0	5110	0	0	0	0	0	0	0	0	0	5110	0	0	0	0	0	0	0	0	0	// Vine Helm(Ceto)
42	512	512	1	508	15000	0	5120	0	0	0	0	0	0	0	0	0	5120	0	0	0	0	0	0	0	0	0	// Vine Helm(Drake)
42	513	513	1	508	15000	0	5130	0	0	0	0	0	0	0	0	0	5130	0	0	0	0	0	0	0	0	0	// Silk Helm(Gaia)
42	514	514	1	508	15000	0	5140	0	0	0	0	0	0	0	0	0	5140	0	0	0	0	0	0	0	0	0	// Wind Helm(Odin)
42	515	515	1	508	15000	0	5150	0	0	0	0	0	0	0	0	0	5150	0	0	0	0	0	0	0	0	0	// Adamantine Mask(Agnis)
42	516	516	1	508	30000	0	5160	0	0	0	0	0	0	0	0	0	5160	0	0	0	0	0	0	0	0	0	// Eclipse Helm(Best)
42	517	517	1	508	30000	0	5170	0	0	0	0	0	0	0	0	0	5170	0	0	0	0	0	0	0	0	0	// Iris Helm(Serket)
42	523	523	1	508	15000	0	5230	0	0	0	0	0	0	0	0	0	5230	0	0	0	0	0	0	0	0	0	// Guardian Helm(Aruan)
43	281	281	1	508	1000	0	2810	0	0	0	0	0	0	0	0	0	2810	0	0	0	0	0	0	0	0	0	// Bronze Helm
43	282	282	1	508	1000	0	2820	0	0	0	0	0	0	0	0	0	2820	0	0	0	0	0	0	0	0	0	// Dragon Helm
43	283	283	1	508	1000	0	2830	0	0	0	0	0	0	0	0	0	2830	0	0	0	0	0	0	0	0	0	// Pad Helm
43	284	284	1	508	1000	0	2840	0	0	0	0	0	0	0	0	0	2840	0	0	0	0	0	0	0	0	0	// Legendary Helm
43	285	285	1	508	1000	0	2850	0	0	0	0	0	0	0	0	0	2850	0	0	0	0	0	0	0	0	0	// Bone Helm
43	286	286	1	508	1000	0	2860	0	0	0	0	0	0	0	0	0	2860	0	0	0	0	0	0	0	0	0	// Leather Helm
43	287	287	1	508	1000	0	2870	0	0	0	0	0	0	0	0	0	2870	0	0	0	0	0	0	0	0	0	// Scale Helm
43	288	288	1	508	1000	0	2880	0	0	0	0	0	0	0	0	0	2880	0	0	0	0	0	0	0	0	0	// Sphinx Mask
43	289	289	1	508	1000	0	2890	0	0	0	0	0	0	0	0	0	2890	0	0	0	0	0	0	0	0	0	// Brass Helm
43	290	290	1	508	1200	0	2900	0	0	0	0	0	0	0	0	0	2900	0	0	0	0	0	0	0	0	0	// Plate Helm
43	291	291	1	508	1200	0	2910	0	0	0	0	0	0	0	0	0	2910	0	0	0	0	0	0	0	0	0	// Vine Helm
43	292	292	1	508	1200	0	2920	0	0	0	0	0	0	0	0	0	2920	0	0	0	0	0	0	0	0	0	// Silk Helm
43	293	293	1	508	1200	0	2930	0	0	0	0	0	0	0	0	0	2930	0	0	0	0	0	0	0	0	0	// Wind Helm
43	294	294	1	508	1200	0	2940	0	0	0	0	0	0	0	0	0	2940	0	0	0	0	0	0	0	0	0	// Spirit Helm
43	295	295	1	508	1200	0	2950	0	0	0	0	0	0	0	0	0	2950	0	0	0	0	0	0	0	0	0	// Guardian Helm
43	296	296	1	508	1200	0	2960	0	0	0	0	0	0	0	0	0	2960	0	0	0	0	0	0	0	0	0	// Black Dragon Helm
43	297	297	1	508	1200	0	2970	0	0	0	0	0	0	0	0	0	2970	0	0	0	0	0	0	0	0	0	// Dark Phoenix Helm
43	298	298	1	508	1200	0	2980	0	0	0	0	0	0	0	0	0	2980	0	0	0	0	0	0	0	0	0	// Grand Soul Helm
43	299	299	1	508	1300	0	2990	0	0	0	0	0	0	0	0	0	2990	0	0	0	0	0	0	0	0	0	// Holy Spirit Helm
43	300	300	1	508	1300	0	3000	0	0	0	0	0	0	0	0	0	3000	0	0	0	0	0	0	0	0	0	// Great Dragon Helm
43	301	301	1	508	1300	0	3010	0	0	0	0	0	0	0	0	0	3010	0	0	0	0	0	0	0	0	0	// Dark Soul Helm
43	302	302	1	508	1300	0	3020	0	0	0	0	0	0	0	0	0	3020	0	0	0	0	0	0	0	0	0	// Red Spirit Helm
43	303	303	1	508	1300	0	3030	0	0	0	0	0	0	0	0	0	3030	0	0	0	0	0	0	0	0	0	// Light Plate Mask
43	304	304	1	508	1300	0	3040	0	0	0	0	0	0	0	0	0	3040	0	0	0	0	0	0	0	0	0	// Adamantine Mask
43	305	305	1	508	1300	0	3050	0	0	0	0	0	0	0	0	0	3050	0	0	0	0	0	0	0	0	0	// Dark Steel Mask
43	306	306	1	508	1300	0	3060	0	0	0	0	0	0	0	0	0	3060	0	0	0	0	0	0	0	0	0	// Dark Master Mask
43	307	307	1	508	1800	0	3070	0	0	0	0	0	0	0	0	0	3070	0	0	0	0	0	0	0	0	0	// Dragon Knight Helm
43	308	308	1	508	1800	0	3080	0	0	0	0	0	0	0	0	0	3080	0	0	0	0	0	0	0	0	0	// Venom Mist Helm
43	309	309	1	508	1800	0	3090	0	0	0	0	0	0	0	0	0	3090	0	0	0	0	0	0	0	0	0	// Sylphid Ray Helm
43	310	310	1	508	1800	0	3100	0	0	0	0	0	0	0	0	0	3100	0	0	0	0	0	0	0	0	0	// Sunlight Mask
43	311	311	1	508	1800	0	3110	0	0	0	0	0	0	0	0	0	3110	0	0	0	0	0	0	0	0	0	// Ashcrow Helm
43	312	312	1	508	1800	0	3120	0	0	0	0	0	0	0	0	0	3120	0	0	0	0	0	0	0	0	0	// Eclipse Helm
43	313	313	1	508	1800	0	3130	0	0	0	0	0	0	0	0	0	3130	0	0	0	0	0	0	0	0	0	// Glorious Mask
43	314	314	1	508	1800	0	3140	0	0	0	0	0	0	0	0	0	3140	0	0	0	0	0	0	0	0	0	// Iris Helm
43	315	315	1	508	5000	0	3150	0	0	0	0	0	0	0	0	0	3150	0	0	0	0	0	0	0	0	0	// Titan  Helm
43	316	316	1	508	5000	0	3160	0	0	0	0	0	0	0	0	0	3160	0	0	0	0	0	0	0	0	0	// Brave Helm
43	317	317	1	508	5000	0	3170	0	0	0	0	0	0	0	0	0	3170	0	0	0	0	0	0	0	0	0	// Seraphim Helm
43	318	318	1	508	5000	0	3180	0	0	0	0	0	0	0	0	0	3180	0	0	0	0	0	0	0	0	0	// Divine Helm
43	319	319	1	508	5000	0	3190	0	0	0	0	0	0	0	0	0	3190	0	0	0	0	0	0	0	0	0	// Royal Mask
43	320	320	1	508	5000	0	3200	0	0	0	0	0	0	0	0	0	3200	0	0	0	0	0	0	0	0	0	// Hades Helm
44	321	321	1	508	1000	0	3210	0	0	0	0	0	0	0	0	0	3210	0	0	0	0	0	0	0	0	0	// Bronze Armor
44	322	322	1	508	1000	0	3220	0	0	0	0	0	0	0	0	0	3220	0	0	0	0	0	0	0	0	0	// Dragon Armor
44	323	323	1	508	1000	0	3230	0	0	0	0	0	0	0	0	0	3230	0	0	0	0	0	0	0	0	0	// Pad Armor
44	324	324	1	508	1000	0	3240	0	0	0	0	0	0	0	0	0	3240	0	0	0	0	0	0	0	0	0	// Legendary Armor
44	325	325	1	508	1000	0	3250	0	0	0	0	0	0	0	0	0	3250	0	0	0	0	0	0	0	0	0	// Bone Armor
44	326	326	1	508	1000	0	3260	0	0	0	0	0	0	0	0	0	3260	0	0	0	0	0	0	0	0	0	// Leather Armor
44	327	327	1	508	1000	0	3270	0	0	0	0	0	0	0	0	0	3270	0	0	0	0	0	0	0	0	0	// Scale Armor
44	328	328	1	508	1000	0	3280	0	0	0	0	0	0	0	0	0	3280	0	0	0	0	0	0	0	0	0	// Sphinx Armor
44	329	329	1	508	1000	0	3290	0	0	0	0	0	0	0	0	0	3290	0	0	0	0	0	0	0	0	0	// Brass Armor
44	330	330	1	508	1200	0	3300	0	0	0	0	0	0	0	0	0	3300	0	0	0	0	0	0	0	0	0	// Plate Armor
44	331	331	1	508	1200	0	3310	0	0	0	0	0	0	0	0	0	3310	0	0	0	0	0	0	0	0	0	// Vine Armor
44	332	332	1	508	1200	0	3320	0	0	0	0	0	0	0	0	0	3320	0	0	0	0	0	0	0	0	0	// Silk Armor
44	333	333	1	508	100		0	3330	0	0	0	0	0	0	0	0	0	3330	0	0	0	0	0	0	0	0	0	// Wind Armor
44	334	334	1	508	1200	0	3340	0	0	0	0	0	0	0	0	0	3340	0	0	0	0	0	0	0	0	0	// Spirit Armor
44	335	335	1	508	1200	0	3350	0	0	0	0	0	0	0	0	0	3350	0	0	0	0	0	0	0	0	0	// Guardian Armor
44	336	336	1	508	1200	0	3360	0	0	0	0	0	0	0	0	0	3360	0	0	0	0	0	0	0	0	0	// Storm Crow Armor
44	337	337	1	508	1200	0	3370	0	0	0	0	0	0	0	0	0	3370	0	0	0	0	0	0	0	0	0	// Black Dragon Armor
44	338	338	1	508	1200	0	3380	0	0	0	0	0	0	0	0	0	3380	0	0	0	0	0	0	0	0	0	// Dark Phoenix Armor
44	339	339	1	508	1300	0	3390	0	0	0	0	0	0	0	0	0	3390	0	0	0	0	0	0	0	0	0	// Grand Soul Armor
44	340	340	1	508	1300	0	3400	0	0	0	0	0	0	0	0	0	3400	0	0	0	0	0	0	0	0	0	// Holy Spirit Armor
44	341	341	1	508	1300	0	3410	0	0	0	0	0	0	0	0	0	3410	0	0	0	0	0	0	0	0	0	// Thunder Hawk Armor
44	342	342	1	508	1300	0	3420	0	0	0	0	0	0	0	0	0	3420	0	0	0	0	0	0	0	0	0	// Great Dragon Armor
44	343	343	1	508	1300	0	3430	0	0	0	0	0	0	0	0	0	3430	0	0	0	0	0	0	0	0	0	// Dark Soul Armor
44	344	344	1	508	1300	0	3440	0	0	0	0	0	0	0	0	0	3440	0	0	0	0	0	0	0	0	0	// Hurricane Armor
44	345	345	1	508	1300	0	3450	0	0	0	0	0	0	0	0	0	3450	0	0	0	0	0	0	0	0	0	// Red Sprit Armor
44	346	346	1	508	1300	0	3460	0	0	0	0	0	0	0	0	0	3460	0	0	0	0	0	0	0	0	0	// Light Plate Armor
44	347	347	1	508	1300	0	3470	0	0	0	0	0	0	0	0	0	3470	0	0	0	0	0	0	0	0	0	// Adamantine Armor
44	348	348	1	508	1300	0	3480	0	0	0	0	0	0	0	0	0	3480	0	0	0	0	0	0	0	0	0	// Dark Steel Armor
44	349	349	1	508	1300	0	3490	0	0	0	0	0	0	0	0	0	3490	0	0	0	0	0	0	0	0	0	// Dark Master Armor
44	350	350	1	508	1800	0	3500	0	0	0	0	0	0	0	0	0	3500	0	0	0	0	0	0	0	0	0	// Dragon Knight Armor
44	351	351	1	508	1800	0	3510	0	0	0	0	0	0	0	0	0	3510	0	0	0	0	0	0	0	0	0	// Venom Mist Armor
44	352	352	1	508	1800	0	3520	0	0	0	0	0	0	0	0	0	3520	0	0	0	0	0	0	0	0	0	// Sylphid Ray Armor
44	353	353	1	508	1800	0	3530	0	0	0	0	0	0	0	0	0	3530	0	0	0	0	0	0	0	0	0	// Volcano Armor
44	354	354	1	508	1800	0	3540	0	0	0	0	0	0	0	0	0	3540	0	0	0	0	0	0	0	0	0	// Sunlight Armor
44	355	355	1	508	1800	0	3550	0	0	0	0	0	0	0	0	0	3550	0	0	0	0	0	0	0	0	0	// Ashcrow Armor
44	356	356	1	508	1800	0	3560	0	0	0	0	0	0	0	0	0	3560	0	0	0	0	0	0	0	0	0	// Eclipse Armor
44	357	357	1	508	1800	0	3570	0	0	0	0	0	0	0	0	0	3570	0	0	0	0	0	0	0	0	0	// Iris Armor
44	358	358	1	508	1800	0	3580	0	0	0	0	0	0	0	0	0	3580	0	0	0	0	0	0	0	0	0	// Valiant Armor
44	359	359	1	508	1800	0	3590	0	0	0	0	0	0	0	0	0	3590	0	0	0	0	0	0	0	0	0	// Glorious Armor
44	360	360	1	508	5000	0	3600	0	0	0	0	0	0	0	0	0	3600	0	0	0	0	0	0	0	0	0	// Titan  Armor
44	361	361	1	508	5000	0	3610	0	0	0	0	0	0	0	0	0	3610	0	0	0	0	0	0	0	0	0	// Brave Armor
44	362	362	1	508	5000	0	3620	0	0	0	0	0	0	0	0	0	3620	0	0	0	0	0	0	0	0	0	// Phantom  Armor
44	363	363	1	508	5000	0	3630	0	0	0	0	0	0	0	0	0	3630	0	0	0	0	0	0	0	0	0	// Destroy Armor
44	364	364	1	508	5000	0	3640	0	0	0	0	0	0	0	0	0	3640	0	0	0	0	0	0	0	0	0	// Seraphim Armor
44	365	365	1	508	5000	0	3650	0	0	0	0	0	0	0	0	0	3650	0	0	0	0	0	0	0	0	0	// Divine Armor
44	366	366	1	508	5000	0	3660	0	0	0	0	0	0	0	0	0	3660	0	0	0	0	0	0	0	0	0	// Royal Armor
44	367	367	1	508	5000	0	3670	0	0	0	0	0	0	0	0	0	3670	0	0	0	0	0	0	0	0	0	// Hades Armor
45	368	368	1	508	1000	0	3680	0	0	0	0	0	0	0	0	0	3680	0	0	0	0	0	0	0	0	0	// Bronze Pants
45	369	369	1	508	1000	0	3690	0	0	0	0	0	0	0	0	0	3690	0	0	0	0	0	0	0	0	0	// Dragon Pants
45	370	370	1	508	1000	0	3700	0	0	0	0	0	0	0	0	0	3700	0	0	0	0	0	0	0	0	0	// Pad Pants
45	371	371	1	508	1000	0	3710	0	0	0	0	0	0	0	0	0	3710	0	0	0	0	0	0	0	0	0	// Legendary Pants
45	372	372	1	508	1000	0	3720	0	0	0	0	0	0	0	0	0	3720	0	0	0	0	0	0	0	0	0	// Bone Pants
45	373	373	1	508	1000	0	3730	0	0	0	0	0	0	0	0	0	3730	0	0	0	0	0	0	0	0	0	// Leather Pants
45	374	374	1	508	1000	0	3740	0	0	0	0	0	0	0	0	0	3740	0	0	0	0	0	0	0	0	0	// Scale Pants
45	375	375	1	508	1000	0	3750	0	0	0	0	0	0	0	0	0	3750	0	0	0	0	0	0	0	0	0	// Sphinx Pants
45	376	376	1	508	1000	0	3760	0	0	0	0	0	0	0	0	0	3760	0	0	0	0	0	0	0	0	0	// Brass Pants
45	377	377	1	508	1200	0	3770	0	0	0	0	0	0	0	0	0	3770	0	0	0	0	0	0	0	0	0	// Plate Pants
45	378	378	1	508	1200	0	3780	0	0	0	0	0	0	0	0	0	3780	0	0	0	0	0	0	0	0	0	// Vine Pants
45	379	379	1	508	1200	0	3790	0	0	0	0	0	0	0	0	0	3790	0	0	0	0	0	0	0	0	0	// Silk Pants
45	380	380	1	508	1200	0	3800	0	0	0	0	0	0	0	0	0	3800	0	0	0	0	0	0	0	0	0	// Wind Pants
45	381	381	1	508	1200	0	3810	0	0	0	0	0	0	0	0	0	3810	0	0	0	0	0	0	0	0	0	// Spirit Pants
45	382	382	1	508	1200	0	3820	0	0	0	0	0	0	0	0	0	3820	0	0	0	0	0	0	0	0	0	// Guardian Pants
45	383	383	1	508	1200	0	3830	0	0	0	0	0	0	0	0	0	3830	0	0	0	0	0	0	0	0	0	// Storm Crow Pants
45	384	384	1	508	1200	0	3840	0	0	0	0	0	0	0	0	0	3840	0	0	0	0	0	0	0	0	0	// Black Dragon Pants
45	385	385	1	508	1200	0	3850	0	0	0	0	0	0	0	0	0	3850	0	0	0	0	0	0	0	0	0	// Dark Phoenix Pants
45	386	386	1	508	1300	0	3860	0	0	0	0	0	0	0	0	0	3860	0	0	0	0	0	0	0	0	0	// Grand Soul Pants
45	387	387	1	508	1300	0	3870	0	0	0	0	0	0	0	0	0	3870	0	0	0	0	0	0	0	0	0	// Holy Spirit Pants
45	388	388	1	508	1300	0	3880	0	0	0	0	0	0	0	0	0	3880	0	0	0	0	0	0	0	0	0	// Thunder Hawk Pants
45	389	389	1	508	1300	0	3890	0	0	0	0	0	0	0	0	0	3890	0	0	0	0	0	0	0	0	0	// Great Dragon Pants
45	390	390	1	508	1300	0	3900	0	0	0	0	0	0	0	0	0	3900	0	0	0	0	0	0	0	0	0	// Dark Soul Pants
45	391	391	1	508	1300	0	3910	0	0	0	0	0	0	0	0	0	3910	0	0	0	0	0	0	0	0	0	// Hurricane Pants
45	392	392	1	508	1300	0	3920	0	0	0	0	0	0	0	0	0	3920	0	0	0	0	0	0	0	0	0	// Red Spirit Pants
45	393	393	1	508	1300	0	3930	0	0	0	0	0	0	0	0	0	3930	0	0	0	0	0	0	0	0	0	// Light Plate Pants
45	394	394	1	508	1300	0	3940	0	0	0	0	0	0	0	0	0	3940	0	0	0	0	0	0	0	0	0	// Adamantine Pants
45	395	395	1	508	1300	0	3950	0	0	0	0	0	0	0	0	0	3950	0	0	0	0	0	0	0	0	0	// Dark Steel Pants
45	396	396	1	508	1300	0	3960	0	0	0	0	0	0	0	0	0	3960	0	0	0	0	0	0	0	0	0	// Dark Master Pants
45	397	397	1	508	1800	0	3970	0	0	0	0	0	0	0	0	0	3970	0	0	0	0	0	0	0	0	0	// Dragon Knight Pants
45	398	398	1	508	1800	0	3980	0	0	0	0	0	0	0	0	0	3980	0	0	0	0	0	0	0	0	0	// Venom Mist Pants
45	399	399	1	508	1800	0	3990	0	0	0	0	0	0	0	0	0	3990	0	0	0	0	0	0	0	0	0	// Sylphid Ray Pants
45	400	400	1	508	1800	0	4000	0	0	0	0	0	0	0	0	0	4000	0	0	0	0	0	0	0	0	0	// Volcano Pants
45	401	401	1	508	1800	0	4010	0	0	0	0	0	0	0	0	0	4010	0	0	0	0	0	0	0	0	0	// Sunlight Pants
45	402	402	1	508	1800	0	4020	0	0	0	0	0	0	0	0	0	4020	0	0	0	0	0	0	0	0	0	// Ashcrow Pants
45	403	403	1	508	1800	0	4030	0	0	0	0	0	0	0	0	0	4030	0	0	0	0	0	0	0	0	0	// Eclipse Pants
45	404	404	1	508	1800	0	4040	0	0	0	0	0	0	0	0	0	4040	0	0	0	0	0	0	0	0	0	// Iris Pants
45	405	405	1	508	1800	0	4050	0	0	0	0	0	0	0	0	0	4050	0	0	0	0	0	0	0	0	0	// Valiant Pants
45	406	406	1	508	1800	0	4060	0	0	0	0	0	0	0	0	0	4060	0	0	0	0	0	0	0	0	0	// Glorious Pants
45	407	407	1	508	5000	0	4070	0	0	0	0	0	0	0	0	0	4070	0	0	0	0	0	0	0	0	0	// Titan  Pants
45	408	408	1	508	5000	0	4080	0	0	0	0	0	0	0	0	0	4080	0	0	0	0	0	0	0	0	0	// Brave Pants
45	409	409	1	508	5000	0	4090	0	0	0	0	0	0	0	0	0	4090	0	0	0	0	0	0	0	0	0	// Phantom  Pants
45	410	410	1	508	5000	0	4100	0	0	0	0	0	0	0	0	0	4100	0	0	0	0	0	0	0	0	0	// Destroy Pants
45	411	411	1	508	5000	0	4110	0	0	0	0	0	0	0	0	0	4110	0	0	0	0	0	0	0	0	0	// Seraphim Pants
45	412	412	1	508	5000	0	4120	0	0	0	0	0	0	0	0	0	4120	0	0	0	0	0	0	0	0	0	// Divine Pants
45	413	413	1	508	5000	0	4130	0	0	0	0	0	0	0	0	0	4130	0	0	0	0	0	0	0	0	0	// Royal Pants
45	414	414	1	508	5000	0	4140	0	0	0	0	0	0	0	0	0	4140	0	0	0	0	0	0	0	0	0	// Hades Pants
46	415	415	1	508	1000	0	4150	0	0	0	0	0	0	0	0	0	4150	0	0	0	0	0	0	0	0	0	// Bronze Gloves
46	416	416	1	508	1000	0	4160	0	0	0	0	0	0	0	0	0	4160	0	0	0	0	0	0	0	0	0	// Dragon Gloves
46	417	417	1	508	1000	0	4170	0	0	0	0	0	0	0	0	0	4170	0	0	0	0	0	0	0	0	0	// Pad Gloves
46	418	418	1	508	1000	0	4180	0	0	0	0	0	0	0	0	0	4180	0	0	0	0	0	0	0	0	0	// Legendary Gloves
46	419	419	1	508	1000	0	4190	0	0	0	0	0	0	0	0	0	4190	0	0	0	0	0	0	0	0	0	// Bone Gloves
46	420	420	1	508	1000	0	4200	0	0	0	0	0	0	0	0	0	4200	0	0	0	0	0	0	0	0	0	// Leather Gloves
46	421	421	1	508	1000	0	4210	0	0	0	0	0	0	0	0	0	4210	0	0	0	0	0	0	0	0	0	// Scale Gloves
46	422	422	1	508	1000	0	4220	0	0	0	0	0	0	0	0	0	4220	0	0	0	0	0	0	0	0	0	// Sphinx Gloves
46	423	423	1	508	1000	0	4230	0	0	0	0	0	0	0	0	0	4230	0	0	0	0	0	0	0	0	0	// Brass Gloves
46	424	424	1	508	1200	0	4240	0	0	0	0	0	0	0	0	0	4240	0	0	0	0	0	0	0	0	0	// Plate Gloves
46	425	425	1	508	1200	0	4250	0	0	0	0	0	0	0	0	0	4250	0	0	0	0	0	0	0	0	0	// Vine Gloves
46	426	426	1	508	1200	0	4260	0	0	0	0	0	0	0	0	0	4260	0	0	0	0	0	0	0	0	0	// Silk Gloves
46	427	427	1	508	1200	0	4270	0	0	0	0	0	0	0	0	0	4270	0	0	0	0	0	0	0	0	0	// Wind Gloves
46	428	428	1	508	1200	0	4280	0	0	0	0	0	0	0	0	0	4280	0	0	0	0	0	0	0	0	0	// Spirit Gloves
46	429	429	1	508	1200	0	4290	0	0	0	0	0	0	0	0	0	4290	0	0	0	0	0	0	0	0	0	// Guardian Gloves
46	430	430	1	508	1200	0	4300	0	0	0	0	0	0	0	0	0	4300	0	0	0	0	0	0	0	0	0	// Storm Crow Gloves
46	431	431	1	508	1200	0	4310	0	0	0	0	0	0	0	0	0	4310	0	0	0	0	0	0	0	0	0	// Black Dragon Gloves
46	432	432	1	508	1200	0	4320	0	0	0	0	0	0	0	0	0	4320	0	0	0	0	0	0	0	0	0	// Dark Phoenix Gloves
46	433	433	1	508	1300	0	4330	0	0	0	0	0	0	0	0	0	4330	0	0	0	0	0	0	0	0	0	// Grand Soul Gloves
46	434	434	1	508	1300	0	4340	0	0	0	0	0	0	0	0	0	4340	0	0	0	0	0	0	0	0	0	// Holy Spirit Gloves
46	435	435	1	508	1300	0	4350	0	0	0	0	0	0	0	0	0	4350	0	0	0	0	0	0	0	0	0	// Thunder Hawk Gloves
46	436	436	1	508	1300	0	4360	0	0	0	0	0	0	0	0	0	4360	0	0	0	0	0	0	0	0	0	// Great Dragon Gloves
46	437	437	1	508	1300	0	4370	0	0	0	0	0	0	0	0	0	4370	0	0	0	0	0	0	0	0	0	// Dark Soul Gloves
46	438	438	1	508	1300	0	4380	0	0	0	0	0	0	0	0	0	4380	0	0	0	0	0	0	0	0	0	// Hurricane Gloves
46	439	439	1	508	1300	0	4390	0	0	0	0	0	0	0	0	0	4390	0	0	0	0	0	0	0	0	0	// Red Spirit Gloves
46	440	440	1	508	1300	0	4400	0	0	0	0	0	0	0	0	0	4400	0	0	0	0	0	0	0	0	0	// Light Plate Gloves
46	441	441	1	508	1300	0	4410	0	0	0	0	0	0	0	0	0	4410	0	0	0	0	0	0	0	0	0	// Adamantine Gloves
46	442	442	1	508	1300	0	4420	0	0	0	0	0	0	0	0	0	4420	0	0	0	0	0	0	0	0	0	// Dark Steel Gloves
46	443	443	1	508	1300	0	4430	0	0	0	0	0	0	0	0	0	4430	0	0	0	0	0	0	0	0	0	// Dark Master Gloves
46	444	444	1	508	1800	0	4440	0	0	0	0	0	0	0	0	0	4440	0	0	0	0	0	0	0	0	0	// Dragon Knight Gloves
46	445	445	1	508	1800	0	4450	0	0	0	0	0	0	0	0	0	4450	0	0	0	0	0	0	0	0	0	// Venom Mist Gloves
46	446	446	1	508	1800	0	4460	0	0	0	0	0	0	0	0	0	4460	0	0	0	0	0	0	0	0	0	// Sylphid Ray Gloves
46	447	447	1	508	1800	0	4470	0	0	0	0	0	0	0	0	0	4470	0	0	0	0	0	0	0	0	0	// Volcano Gloves
46	448	448	1	508	1800	0	4480	0	0	0	0	0	0	0	0	0	4480	0	0	0	0	0	0	0	0	0	// Sunlight Gloves
46	449	449	1	508	1800	0	4490	0	0	0	0	0	0	0	0	0	4490	0	0	0	0	0	0	0	0	0	// Ashcrow Gloves
46	450	450	1	508	1800	0	4500	0	0	0	0	0	0	0	0	0	4500	0	0	0	0	0	0	0	0	0	// Eclipse Gloves
46	451	451	1	508	1800	0	4510	0	0	0	0	0	0	0	0	0	4510	0	0	0	0	0	0	0	0	0	// Iris Gloves
46	452	452	1	508	1800	0	4520	0	0	0	0	0	0	0	0	0	4520	0	0	0	0	0	0	0	0	0	// Valiant Gloves
46	453	453	1	508	1800	0	4530	0	0	0	0	0	0	0	0	0	4530	0	0	0	0	0	0	0	0	0	// Glorious Gloves
46	454	454	1	508	5000	0	4540	0	0	0	0	0	0	0	0	0	4540	0	0	0	0	0	0	0	0	0	// Titan  Gloves
46	455	455	1	508	5000	0	4550	0	0	0	0	0	0	0	0	0	4550	0	0	0	0	0	0	0	0	0	// Brave Gloves
46	456	456	1	508	600		0	4560	0	0	0	0	0	0	0	0	0	4560	0	0	0	0	0	0	0	0	0	// Phantom  Gloves
46	457	457	1	508	5000	0	4570	0	0	0	0	0	0	0	0	0	4570	0	0	0	0	0	0	0	0	0	// Destroy Gloves
46	458	458	1	508	5000	0	4580	0	0	0	0	0	0	0	0	0	4580	0	0	0	0	0	0	0	0	0	// Seraphim Gloves
46	459	459	1	508	5000	0	4590	0	0	0	0	0	0	0	0	0	4590	0	0	0	0	0	0	0	0	0	// Divine Gloves
46	460	460	1	508	5000	0	4600	0	0	0	0	0	0	0	0	0	4600	0	0	0	0	0	0	0	0	0	// Royal Gloves
46	461	461	1	508	5000	0	4610	0	0	0	0	0	0	0	0	0	4610	0	0	0	0	0	0	0	0	0	// Hades Gloves
47	192	192	1	508	1300	0	1920	0	0	0	0	0	0	0	0	0	1920	0	0	0	0	0	0	0	0	0	// Hurricane Boots
47	462	462	1	508	1000	0	4620	0	0	0	0	0	0	0	0	0	4620	0	0	0	0	0	0	0	0	0	// Bronze Boots
47	463	463	1	508	1000	0	4630	0	0	0	0	0	0	0	0	0	4630	0	0	0	0	0	0	0	0	0	// Dragon Boots
47	464	464	1	508	1000	0	4640	0	0	0	0	0	0	0	0	0	4640	0	0	0	0	0	0	0	0	0	// Pad Boots
47	465	465	1	508	1000	0	4650	0	0	0	0	0	0	0	0	0	4650	0	0	0	0	0	0	0	0	0	// Legendary Boots
47	466	466	1	508	1000	0	4660	0	0	0	0	0	0	0	0	0	4660	0	0	0	0	0	0	0	0	0	// Bone Boots
47	467	467	1	508	1000	0	4670	0	0	0	0	0	0	0	0	0	4670	0	0	0	0	0	0	0	0	0	// Leather Boots
47	468	468	1	508	1000	0	4680	0	0	0	0	0	0	0	0	0	4680	0	0	0	0	0	0	0	0	0	// Scale Boots
47	469	469	1	508	1000	0	4690	0	0	0	0	0	0	0	0	0	4690	0	0	0	0	0	0	0	0	0	// Sphinx Boots
47	470	470	1	508	1000	0	4700	0	0	0	0	0	0	0	0	0	4700	0	0	0	0	0	0	0	0	0	// Brass Boots
47	471	471	1	508	1200	0	4710	0	0	0	0	0	0	0	0	0	4710	0	0	0	0	0	0	0	0	0	// Plate Boots
47	472	472	1	508	1200	0	4720	0	0	0	0	0	0	0	0	0	4720	0	0	0	0	0	0	0	0	0	// Vine Boots
47	473	473	1	508	1200	0	4730	0	0	0	0	0	0	0	0	0	4730	0	0	0	0	0	0	0	0	0	// Silk Boots
47	474	474	1	508	1200	0	4740	0	0	0	0	0	0	0	0	0	4740	0	0	0	0	0	0	0	0	0	// Wind Boots
47	475	475	1	508	1200	0	4750	0	0	0	0	0	0	0	0	0	4750	0	0	0	0	0	0	0	0	0	// Spirit Boots
47	476	476	1	508	1200	0	4760	0	0	0	0	0	0	0	0	0	4760	0	0	0	0	0	0	0	0	0	// Guardian Boots
47	477	477	1	508	1200	0	4770	0	0	0	0	0	0	0	0	0	4770	0	0	0	0	0	0	0	0	0	// Storm Crow Boots
47	478	478	1	508	1200	0	4780	0	0	0	0	0	0	0	0	0	4780	0	0	0	0	0	0	0	0	0	// Black Dragon Boots
47	479	479	1	508	1200	0	4790	0	0	0	0	0	0	0	0	0	4790	0	0	0	0	0	0	0	0	0	// Dark Phoenix Boots
47	480	480	1	508	1300	0	4800	0	0	0	0	0	0	0	0	0	4800	0	0	0	0	0	0	0	0	0	// Grand Soul Boots
47	481	481	1	508	1300	0	4810	0	0	0	0	0	0	0	0	0	4810	0	0	0	0	0	0	0	0	0	// Holy Spirit Boots
47	482	482	1	508	1300	0	4820	0	0	0	0	0	0	0	0	0	4820	0	0	0	0	0	0	0	0	0	// Thunder Hawk Boots
47	483	483	1	508	1300	0	4830	0	0	0	0	0	0	0	0	0	4830	0	0	0	0	0	0	0	0	0	// Great Dragon Boots
47	484	484	1	508	1300	0	4840	0	0	0	0	0	0	0	0	0	4840	0	0	0	0	0	0	0	0	0	// Dark Soul Boots
47	486	486	1	508	1300	0	4860	0	0	0	0	0	0	0	0	0	4860	0	0	0	0	0	0	0	0	0	// Red Spirit Boots
47	487	487	1	508	1300	0	4870	0	0	0	0	0	0	0	0	0	4870	0	0	0	0	0	0	0	0	0	// Light Plate Boots
47	488	488	1	508	1300	0	4880	0	0	0	0	0	0	0	0	0	4880	0	0	0	0	0	0	0	0	0	// Adamantine Boots
47	489	489	1	508	1300	0	4890	0	0	0	0	0	0	0	0	0	4890	0	0	0	0	0	0	0	0	0	// Dark Steel Boots
47	490	490	1	508	1300	0	4900	0	0	0	0	0	0	0	0	0	4900	0	0	0	0	0	0	0	0	0	// Dark Master Boots
47	491	491	1	508	1800	0	4910	0	0	0	0	0	0	0	0	0	4910	0	0	0	0	0	0	0	0	0	// Dragon Knight Boots
47	492	492	1	508	1800	0	4920	0	0	0	0	0	0	0	0	0	4920	0	0	0	0	0	0	0	0	0	// Venom Mist Boots
47	493	493	1	508	1800	0	4930	0	0	0	0	0	0	0	0	0	4930	0	0	0	0	0	0	0	0	0	// Sylphid Ray Boots
47	494	494	1	508	1800	0	4940	0	0	0	0	0	0	0	0	0	4940	0	0	0	0	0	0	0	0	0	// Volcano Boots
47	495	495	1	508	1800	0	4950	0	0	0	0	0	0	0	0	0	4950	0	0	0	0	0	0	0	0	0	// Sunlight Boots
47	496	496	1	508	1800	0	4960	0	0	0	0	0	0	0	0	0	4960	0	0	0	0	0	0	0	0	0	// Ashcrow Boots
47	497	497	1	508	1800	0	4970	0	0	0	0	0	0	0	0	0	4970	0	0	0	0	0	0	0	0	0	// Eclipse Boots
47	498	498	1	508	1800	0	4980	0	0	0	0	0	0	0	0	0	4980	0	0	0	0	0	0	0	0	0	// Iris Boots
47	499	499	1	508	1800	0	4990	0	0	0	0	0	0	0	0	0	4990	0	0	0	0	0	0	0	0	0	// Valiant Boots
47	500	500	1	508	1800	0	5000	0	0	0	0	0	0	0	0	0	5000	0	0	0	0	0	0	0	0	0	// Glorious Boots
47	501	501	1	508	5000	0	5010	0	0	0	0	0	0	0	0	0	5010	0	0	0	0	0	0	0	0	0	// Titan Boots
47	502	502	1	508	5000	0	5020	0	0	0	0	0	0	0	0	0	5020	0	0	0	0	0	0	0	0	0	// Brave Boots
47	503	503	1	508	5000	0	5030	0	0	0	0	0	0	0	0	0	5030	0	0	0	0	0	0	0	0	0	// Phantom Boots
47	504	504	1	508	5000	0	5040	0	0	0	0	0	0	0	0	0	5040	0	0	0	0	0	0	0	0	0	// Destroy Boots
47	505	505	1	508	5000	0	5050	0	0	0	0	0	0	0	0	0	5050	0	0	0	0	0	0	0	0	0	// Seraphim Boots
47	506	506	1	508	5000	0	5060	0	0	0	0	0	0	0	0	0	5060	0	0	0	0	0	0	0	0	0	// Divine Boots
47	507	507	1	508	5000	0	5070	0	0	0	0	0	0	0	0	0	5070	0	0	0	0	0	0	0	0	0	// Royal Boots
47	508	508	1	508	5000	0	5080	0	0	0	0	0	0	0	0	0	5080	0	0	0	0	0	0	0	0	0	// Hades Boots
48	518	518	1	508	15000	0	5180	0	0	0	0	0	0	0	0	0	5180	0	0	0	0	0	0	0	0	0	// Bronze Armor(Hyperion)
48	519	519	1	508	15000	0	5190	0	0	0	0	0	0	0	0	0	5190	0	0	0	0	0	0	0	0	0	// Dragon Armor(Vicious)
48	520	520	1	508	15000	0	5200	0	0	0	0	0	0	0	0	0	5200	0	0	0	0	0	0	0	0	0	// Pad Armor(Apollo)
48	521	521	1	508	15000	0	5210	0	0	0	0	0	0	0	0	0	5210	0	0	0	0	0	0	0	0	0	// Legendary Armor(Anubis)
48	522	522	1	508	15000	0	5220	0	0	0	0	0	0	0	0	0	5220	0	0	0	0	0	0	0	0	0	// Legendary Armor(Isis)
48	524	524	1	508	15000	0	5240	0	0	0	0	0	0	0	0	0	5240	0	0	0	0	0	0	0	0	0	// Bone Armor(Elvis)
48	525	525	1	508	15000	0	5250	0	0	0	0	0	0	0	0	0	5250	0	0	0	0	0	0	0	0	0	// Bone Armor(Sylion)
48	526	526	1	508	15000	0	5260	0	0	0	0	0	0	0	0	0	5260	0	0	0	0	0	0	0	0	0	// Leather Armor(Warrior)
48	527	527	1	508	15000	0	5270	0	0	0	0	0	0	0	0	0	5270	0	0	0	0	0	0	0	0	0	// Scale Armor(Eplete)
48	528	528	1	508	15000	0	5280	0	0	0	0	0	0	0	0	0	5280	0	0	0	0	0	0	0	0	0	// Scale Armor(Berseker)
48	529	529	1	508	15000	0	5290	0	0	0	0	0	0	0	0	0	5290	0	0	0	0	0	0	0	0	0	// Sphinx Armor(Heras)
48	530	530	1	508	15000	0	5300	0	0	0	0	0	0	0	0	0	5300	0	0	0	0	0	0	0	0	0	// Sphinx Armor(Minet)
48	531	531	1	508	15000	0	5310	0	0	0	0	0	0	0	0	0	5310	0	0	0	0	0	0	0	0	0	// Brass Armor(Guaruda)
48	532	532	1	508	15000	0	5320	0	0	0	0	0	0	0	0	0	5320	0	0	0	0	0	0	0	0	0	// Plate Armor(Kantata)
48	533	533	1	508	15000	0	5330	0	0	0	0	0	0	0	0	0	5330	0	0	0	0	0	0	0	0	0	// Plate Armor(Rave)
48	534	534	1	508	15000	0	5340	0	0	0	0	0	0	0	0	0	5340	0	0	0	0	0	0	0	0	0	// Vine Armor(Drake)
48	535	535	1	508	15000	0	5350	0	0	0	0	0	0	0	0	0	5350	0	0	0	0	0	0	0	0	0	// Silk Armor(Gaia)
48	536	536	1	508	15000	0	5360	0	0	0	0	0	0	0	0	0	5360	0	0	0	0	0	0	0	0	0	// Wind Armor(Odin
48	537	537	1	508	15000	0	5370	0	0	0	0	0	0	0	0	0	5370	0	0	0	0	0	0	0	0	0	// Spirit Armor(Karis)
48	538	538	1	508	15000	0	5380	0	0	0	0	0	0	0	0	0	5380	0	0	0	0	0	0	0	0	0	// Guardian (Gywen)
48	539	539	1	508	15000	0	5390	0	0	0	0	0	0	0	0	0	5390	0	0	0	0	0	0	0	0	0	// Guardian (Aruan)
48	540	540	1	508	15000	0	5400	0	0	0	0	0	0	0	0	0	5400	0	0	0	0	0	0	0	0	0	// Storm Crow (Gaion)
48	541	541	1	508	15000	0	5410	0	0	0	0	0	0	0	0	0	5410	0	0	0	0	0	0	0	0	0	// Storm Crow (Muren)
48	542	542	1	508	15000	0	5420	0	0	0	0	0	0	0	0	0	5420	0	0	0	0	0	0	0	0	0	// Adamantine Armor(Agnis)
48	543	543	1	508	30000	0	5430	0	0	0	0	0	0	0	0	0	5430	0	0	0	0	0	0	0	0	0	// Glorious (Surt)
48	544	544	1	508	30000	0	5440	0	0	0	0	0	0	0	0	0	5440	0	0	0	0	0	0	0	0	0	// Valiant (Apis)
48	545	545	1	508	30000	0	5450	0	0	0	0	0	0	0	0	0	5450	0	0	0	0	0	0	0	0	0	// Dark Phoenix (Bragi)
48	546	546	1	508	30000	0	5460	0	0	0	0	0	0	0	0	0	5460	0	0	0	0	0	0	0	0	0	// Great Dragon (Kronos)
48	547	547	1	508	30000	0	5470	0	0	0	0	0	0	0	0	0	5470	0	0	0	0	0	0	0	0	0	// Eclipse Armor(Best)
48	548	548	1	508	30000	0	5480	0	0	0	0	0	0	0	0	0	5480	0	0	0	0	0	0	0	0	0	// Iris Armor(Serket)
49	549	549	1	508	15000	0	5490	0	0	0	0	0	0	0	0	0	5490	0	0	0	0	0	0	0	0	0	// Bronze Pants(Hyperion)
49	550	550	1	508	15000	0	5500	0	0	0	0	0	0	0	0	0	5500	0	0	0	0	0	0	0	0	0	// Bronze Pants(Mist)
49	551	551	1	508	15000	0	5510	0	0	0	0	0	0	0	0	0	5510	0	0	0	0	0	0	0	0	0	// Dragon Pants(Vicious)
49	552	552	1	508	15000	0	5520	0	0	0	0	0	0	0	0	0	5520	0	0	0	0	0	0	0	0	0	// Pad Pants(Apollo)
49	553	553	1	508	15000	0	5530	0	0	0	0	0	0	0	0	0	5530	0	0	0	0	0	0	0	0	0	// Pad Pants(Barnake)
49	554	554	1	508	15000	0	5540	0	0	0	0	0	0	0	0	0	5540	0	0	0	0	0	0	0	0	0	// Legendary Pants(Isis)
49	555	555	1	508	15000	0	5550	0	0	0	0	0	0	0	0	0	5550	0	0	0	0	0	0	0	0	0	// Bone Pants(Evis)
49	556	556	1	508	15000	0	5560	0	0	0	0	0	0	0	0	0	5560	0	0	0	0	0	0	0	0	0	// Leather Pants(Warrior)
49	557	557	1	508	15000	0	5570	0	0	0	0	0	0	0	0	0	5570	0	0	0	0	0	0	0	0	0	// Leather Pants(Anonymous)
49	558	558	1	508	15000	0	5580	0	0	0	0	0	0	0	0	0	5580	0	0	0	0	0	0	0	0	0	// Scale Pants(Eplete)
49	559	559	1	508	15000	0	5590	0	0	0	0	0	0	0	0	0	5590	0	0	0	0	0	0	0	0	0	// Scale Pants(Berseker)
49	560	560	1	508	15000	0	5600	0	0	0	0	0	0	0	0	0	5600	0	0	0	0	0	0	0	0	0	// Sphinx Pants(Heras)
49	561	561	1	508	15000	0	5610	0	0	0	0	0	0	0	0	0	5610	0	0	0	0	0	0	0	0	0	// Sphinx Pants(Minet)
49	562	562	1	508	15000	0	5620	0	0	0	0	0	0	0	0	0	5620	0	0	0	0	0	0	0	0	0	// Brass Pants(Guaruda)
49	563	563	1	508	15000	0	5630	0	0	0	0	0	0	0	0	0	5630	0	0	0	0	0	0	0	0	0	// Brass Pants(Cloud)
49	564	564	1	508	15000	0	5640	0	0	0	0	0	0	0	0	0	5640	0	0	0	0	0	0	0	0	0	// Plate Pants(Kantata)
49	565	565	1	508	15000	0	5650	0	0	0	0	0	0	0	0	0	5650	0	0	0	0	0	0	0	0	0	// Plate Pants(Rave)
49	566	566	1	508	15000	0	5660	0	0	0	0	0	0	0	0	0	5660	0	0	0	0	0	0	0	0	0	// Vine Pants(Ceto)
49	567	567	1	508	15000	0	5670	0	0	0	0	0	0	0	0	0	5670	0	0	0	0	0	0	0	0	0	// Vine Pants(Drake)
49	568	568	1	508	15000	0	5680	0	0	0	0	0	0	0	0	0	5680	0	0	0	0	0	0	0	0	0	// Silk Pants(Gaia)
49	569	569	1	508	15000	0	5690	0	0	0	0	0	0	0	0	0	5690	0	0	0	0	0	0	0	0	0	// Silk Pants(Fase)
49	570	570	1	508	15000	0	5700	0	0	0	0	0	0	0	0	0	5700	0	0	0	0	0	0	0	0	0	// Wind Pants(Odin)
49	571	571	1	508	15000	0	5710	0	0	0	0	0	0	0	0	0	5710	0	0	0	0	0	0	0	0	0	// Wind Pants(Elvian)
49	572	572	1	508	15000	0	5720	0	0	0	0	0	0	0	0	0	5720	0	0	0	0	0	0	0	0	0	// Spirit Pants(Argo)
49	573	573	1	508	15000	0	5730	0	0	0	0	0	0	0	0	0	5730	0	0	0	0	0	0	0	0	0	// Spirit Pants(Karis)
49	574	574	1	508	15000	0	5740	0	0	0	0	0	0	0	0	0	5740	0	0	0	0	0	0	0	0	0	// Guardian Pants(Aruan)
49	575	575	1	508	15000	0	5750	0	0	0	0	0	0	0	0	0	5750	0	0	0	0	0	0	0	0	0	// Storm Crow Pants(Gaion)
49	576	576	1	508	15000	0	5760	0	0	0	0	0	0	0	0	0	5760	0	0	0	0	0	0	0	0	0	// Storm Crow Pants(Muren)
49	577	577	1	508	15000	0	5770	0	0	0	0	0	0	0	0	0	5770	0	0	0	0	0	0	0	0	0	// Adamantine Pants(Agnis)
49	578	578	1	508	15000	0	5780	0	0	0	0	0	0	0	0	0	5780	0	0	0	0	0	0	0	0	0	// Adamantine Pants(Broy)
49	579	579	1	508	30000	0	5790	0	0	0	0	0	0	0	0	0	5790	0	0	0	0	0	0	0	0	0	// Valiant Pants(Apis)
49	580	580	1	508	30000	0	5800	0	0	0	0	0	0	0	0	0	5800	0	0	0	0	0	0	0	0	0	// Black Dragon (Mahes)
49	581	581	1	508	30000	0	5810	0	0	0	0	0	0	0	0	0	5810	0	0	0	0	0	0	0	0	0	// Dark Phoenix (Bragi)
49	582	582	1	508	30000	0	5820	0	0	0	0	0	0	0	0	0	5820	0	0	0	0	0	0	0	0	0	// Great Dragon (Kronos)
49	583	583	1	508	30000	0	5830	0	0	0	0	0	0	0	0	0	5830	0	0	0	0	0	0	0	0	0	// Eclipse Pants(Bes)
49	584	584	1	508	30000	0	5840	0	0	0	0	0	0	0	0	0	5840	0	0	0	0	0	0	0	0	0	// Iris Pants(Serket)
51	585	585	1	508	15000	0	5850	0	0	0	0	0	0	0	0	0	5850	0	0	0	0	0	0	0	0	0	// Bronze Gloves(Mist)
51	586	586	1	508	15000	0	5860	0	0	0	0	0	0	0	0	0	5860	0	0	0	0	0	0	0	0	0	// Dragon Gloves(Hyon)
51	587	587	1	508	15000	0	5870	0	0	0	0	0	0	0	0	0	5870	0	0	0	0	0	0	0	0	0	// Pad Gloves(Apollo)
51	588	588	1	508	15000	0	5880	0	0	0	0	0	0	0	0	0	5880	0	0	0	0	0	0	0	0	0	// Legendary Gloves(Anubis(
51	589	589	1	508	15000	0	5890	0	0	0	0	0	0	0	0	0	5890	0	0	0	0	0	0	0	0	0	// Bone Gloves(Sylion)
51	590	590	1	508	15000	0	5900	0	0	0	0	0	0	0	0	0	5900	0	0	0	0	0	0	0	0	0	// Leather Gloves(Warrior)
51	591	591	1	508	15000	0	5910	0	0	0	0	0	0	0	0	0	5910	0	0	0	0	0	0	0	0	0	// Scale Gloves(Berseker)
51	592	592	1	508	15000	0	5920	0	0	0	0	0	0	0	0	0	5920	0	0	0	0	0	0	0	0	0	// Sphinx Gloves(Heras)
51	593	593	1	508	15000	0	5930	0	0	0	0	0	0	0	0	0	5930	0	0	0	0	0	0	0	0	0	// Brass Gloves(Guaruda)
51	594	594	1	508	15000	0	5940	0	0	0	0	0	0	0	0	0	5940	0	0	0	0	0	0	0	0	0	// Plate Gloves(Kantata)
51	595	595	1	508	15000	0	5950	0	0	0	0	0	0	0	0	0	5950	0	0	0	0	0	0	0	0	0	// Vine Gloves(Ceto)
51	596	596	1	508	15000	0	5960	0	0	0	0	0	0	0	0	0	5960	0	0	0	0	0	0	0	0	0	// Silk Gloves(Gaia)
51	597	597	1	508	15000	0	5970	0	0	0	0	0	0	0	0	0	5970	0	0	0	0	0	0	0	0	0	// Silk Gloves(Fase)
51	598	598	1	508	15000	0	5980	0	0	0	0	0	0	0	0	0	5980	0	0	0	0	0	0	0	0	0	// Wind Gloves(Odin)
51	599	599	1	508	15000	0	5990	0	0	0	0	0	0	0	0	0	5990	0	0	0	0	0	0	0	0	0	// Spirit Gloves(Argo)
51	600	600	1	508	15000	0	6000	0	0	0	0	0	0	0	0	0	6000	0	0	0	0	0	0	0	0	0	// Guardian Gloves(Gywen)
51	601	601	1	508	15000	0	6010	0	0	0	0	0	0	0	0	0	6010	0	0	0	0	0	0	0	0	0	// Storm Crow Gloves(Muren)
51	602	602	1	508	15000	0	6020	0	0	0	0	0	0	0	0	0	6020	0	0	0	0	0	0	0	0	0	// Adamantine Gloves(Broy)
51	603	603	1	508	30000	0	6030	0	0	0	0	0	0	0	0	0	6030	0	0	0	0	0	0	0	0	0	// Valiant Gloves(Apis)
51	604	604	1	508	30000	0	6040	0	0	0	0	0	0	0	0	0	6040	0	0	0	0	0	0	0	0	0	// Glorious Gloves(Surt)
51	605	605	1	508	30000	0	6050	0	0	0	0	0	0	0	0	0	6050	0	0	0	0	0	0	0	0	0	// Eclipse Gloves(Best)
51	606	606	1	508	30000	0	6060	0	0	0	0	0	0	0	0	0	6060	0	0	0	0	0	0	0	0	0	// Iris Gloves(Serket)
52	607	607	1	508	15000	0	6070	0	0	0	0	0	0	0	0	0	6070	0	0	0	0	0	0	0	0	0	// Bronze Boots(Hyperion)
52	608	608	1	508	15000	0	6080	0	0	0	0	0	0	0	0	0	6080	0	0	0	0	0	0	0	0	0	// Dragon Boots(Hyon)
52	609	609	1	508	15000	0	6090	0	0	0	0	0	0	0	0	0	6090	0	0	0	0	0	0	0	0	0	// Pad Boots(Barnake)
52	610	610	1	508	15000	0	6100	0	0	0	0	0	0	0	0	0	6100	0	0	0	0	0	0	0	0	0	// Bone Boots(Evis)
52	611	611	1	508	15000	0	6110	0	0	0	0	0	0	0	0	0	6110	0	0	0	0	0	0	0	0	0	// Leather Boots(Warrior)
52	612	612	1	508	15000	0	6120	0	0	0	0	0	0	0	0	0	6120	0	0	0	0	0	0	0	0	0	// Scale Boots(Berseker)
52	613	613	1	508	15000	0	6130	0	0	0	0	0	0	0	0	0	6130	0	0	0	0	0	0	0	0	0	// Sphinx Boots(Heras)
52	614	614	1	508	15000	0	6140	0	0	0	0	0	0	0	0	0	6140	0	0	0	0	0	0	0	0	0	// Sphinx Boots(Minet)
52	615	615	1	508	15000	0	6150	0	0	0	0	0	0	0	0	0	6150	0	0	0	0	0	0	0	0	0	// Brass Boots(Guaruda)
52	616	616	1	508	15000	0	6160	0	0	0	0	0	0	0	0	0	6160	0	0	0	0	0	0	0	0	0	// Plate Boots(Kantata)
52	617	617	1	508	15000	0	6170	0	0	0	0	0	0	0	0	0	6170	0	0	0	0	0	0	0	0	0	// Vine Boots(Ceto)
52	618	618	1	508	15000	0	6180	0	0	0	0	0	0	0	0	0	6180	0	0	0	0	0	0	0	0	0	// Vine Boots(Drake)
52	619	619	1	508	15000	0	6190	0	0	0	0	0	0	0	0	0	6190	0	0	0	0	0	0	0	0	0	// Silk Boots(Fase)
52	620	620	1	508	15000	0	6200	0	0	0	0	0	0	0	0	0	6200	0	0	0	0	0	0	0	0	0	// Wind Boots(Odin)
52	621	621	1	508	15000	0	6210	0	0	0	0	0	0	0	0	0	6210	0	0	0	0	0	0	0	0	0	// Wind Boots(Elvian)
52	622	622	1	508	15000	0	6220	0	0	0	0	0	0	0	0	0	6220	0	0	0	0	0	0	0	0	0	// Guardian Boots(Gywen)
52	623	623	1	508	15000	0	6230	0	0	0	0	0	0	0	0	0	6230	0	0	0	0	0	0	0	0	0	// Guardian Boots(Aruan)
52	624	624	1	508	15000	0	6240	0	0	0	0	0	0	0	0	0	6240	0	0	0	0	0	0	0	0	0	// Storm Crow Boots(Gaion)
52	625	625	1	508	30000	0	6250	0	0	0	0	0	0	0	0	0	6250	0	0	0	0	0	0	0	0	0	// Black Dragon Boots(Mahes)
52	626	626	1	508	30000	0	6260	0	0	0	0	0	0	0	0	0	6260	0	0	0	0	0	0	0	0	0	// Adamantine Boots(Broy)
52	627	627	1	508	30000	0	6270	0	0	0	0	0	0	0	0	0	6270	0	0	0	0	0	0	0	0	0	// Glorious Boots(Surt)
52	628	628	1	508	30000	0	6280	0	0	0	0	0	0	0	0	0	6280	0	0	0	0	0	0	0	0	0	// Valiant Boots(Apis)
52	629	629	1	508	30000	0	6290	0	0	0	0	0	0	0	0	0	6290	0	0	0	0	0	0	0	0	0	// Iris Boots(Serket)
52	630	630	1	508	30000	0	6300	0	0	0	0	0	0	0	0	0	6300	0	0	0	0	0	0	0	0	0	// Eclipse Boots(Bes)
53	631	631	1	508	20000	0	6310	0	0	0	0	0	0	0	0	0	6310	0	0	0	0	0	0	0	0	0	// Ring of Ice(Warrior)
53	632	632	1	508	20000	0	6320	0	0	0	0	0	0	0	0	0	6320	0	0	0	0	0	0	0	0	0	// Ring of Poison(Kantata)
53	633	633	1	508	20000	0	6330	0	0	0	0	0	0	0	0	0	6330	0	0	0	0	0	0	0	0	0	// Ring of Poison(Agnis)
53	634	634	1	508	20000	0	6340	0	0	0	0	0	0	0	0	0	6340	0	0	0	0	0	0	0	0	0	// Pendant of Lighting(Eplete)
53	635	635	1	508	20000	0	6350	0	0	0	0	0	0	0	0	0	6350	0	0	0	0	0	0	0	0	0	// Pendant of Fire(Guaruda)
53	636	636	1	508	20000	0	6360	0	0	0	0	0	0	0	0	0	6360	0	0	0	0	0	0	0	0	0	// Ring of Fire(Anubis)
53	637	637	1	508	20000	0	6370	0	0	0	0	0	0	0	0	0	6370	0	0	0	0	0	0	0	0	0	// Ring of Fire(Muren)
53	638	638	1	508	20000	0	6380	0	0	0	0	0	0	0	0	0	6380	0	0	0	0	0	0	0	0	0	// Ring of Earth(Ceto)
53	639	639	1	508	20000	0	6390	0	0	0	0	0	0	0	0	0	6390	0	0	0	0	0	0	0	0	0	// Ring of Earth(Vicious)
53	640	640	1	508	23000	0	6400	0	0	0	0	0	0	0	0	0	6400	0	0	0	0	0	0	0	0	0	// Ring of Wind(Kantata)
53	641	641	1	508	23000	0	6410	0	0	0	0	0	0	0	0	0	6410	0	0	0	0	0	0	0	0	0	// Ring of Magic(Apollo)
53	642	642	1	508	23000	0	6420	0	0	0	0	0	0	0	0	0	6420	0	0	0	0	0	0	0	0	0	// Ring of Magic(Krono)
53	643	643	1	508	23000	0	6430	0	0	0	0	0	0	0	0	0	6430	0	0	0	0	0	0	0	0	0	// Pendant of Ice(Apollo)
53	644	644	1	508	23000	0	6440	0	0	0	0	0	0	0	0	0	6440	0	0	0	0	0	0	0	0	0	// Pendant of Ice(Broy)
53	645	645	1	508	23000	0	6450	0	0	0	0	0	0	0	0	0	6450	0	0	0	0	0	0	0	0	0	// Pendant of Wind(Evis)
53	646	646	1	508	23000	0	6460	0	0	0	0	0	0	0	0	0	6460	0	0	0	0	0	0	0	0	0	// Pendant of Water(Gaion)
53	647	647	1	508	23000	0	6470	0	0	0	0	0	0	0	0	0	6470	0	0	0	0	0	0	0	0	0	// Pendant of Ability(Gywen)
end
